ifile	run	class	subcxi	event	indby	phoen	bmdv	bmbw	aclen	npeak	ltype	cent	a	b	c	alpha	beta	gamma	prorad	detdx	detdy	reslim	nref	nsref	niref	o1	o2	o3	o4	o5	o6	o7	o8	o9	sfile	istart	iend	cstart	cend	pstart	pend	rstart	rend	multi	/cheetah/frameNumber	/LCLS/machineTime
/bioxfel/data/2017/LCLS-2017-Sep-Fromme-LQ48/data/hdf5/r0105-psII_atten131_final2/mfxlq4815-r0105-c01.cxi	105	-1	1	521	mosflm-comb-latt-nocell-retry-multi-refine	9476.816406	0.000000	0.000000	0	123	orthorhombic	P	12.984680	22.670990	30.759060	89.964989	89.903671	90.227592	0.004660	-0.003000	-0.006000	2.040000	5234	0	28	0.037274	0.042262	-0.052496	-0.031905	0.030418	0.001578	0.015908	0.015422	0.023792	/bioxfel/data/2017/LCLS-2017-Sep-Fromme-LQ48/analysis/natasha/indexing/run/r0105-psII/r0105.stream01	3001393	-1	3007640	3418343	3001894	3007623	3008190	3418308	1	20377	1506768128
/bioxfel/data/2017/LCLS-2017-Sep-Fromme-LQ48/data/hdf5/r0105-psII_atten131_final2/mfxlq4815-r0105-c01.cxi	105	-1	1	523	mosflm-comb-latt-nocell-retry-multi-refine	9478.744141	0.000000	0.000000	0	178	orthorhombic	P	13.008050	22.661819	30.797150	90.197739	90.006683	90.306938	0.007300	0.006000	-0.012000	2.140000	7414	0	60	0.025541	0.026307	-0.067569	0.037233	-0.023199	0.004773	-0.013706	-0.025305	-0.015038	/bioxfel/data/2017/LCLS-2017-Sep-Fromme-LQ48/analysis/natasha/indexing/run/r0105-psII/r0105.stream01	3418365	-1	3427141	4008843	3418866	3427124	3427690	4008808	1	20380	1506768128
/bioxfel/data/2017/LCLS-2017-Sep-Fromme-LQ48/data/hdf5/r0105-psII_atten131_final2/mfxlq4815-r0105-c01.cxi	105	-1	1	522	mosflm-comb-latt-nocell-retry-multi-refine	9476.306641	0.000000	0.000000	0	203	orthorhombic	P	12.954570	22.611010	30.786980	90.130157	89.744263	89.963509	0.006210	0.004000	0.001000	2.200000	6644	0	28	0.010848	0.044760	-0.061949	-0.035345	0.024086	0.011249	0.018907	0.019628	0.017673	/bioxfel/data/2017/LCLS-2017-Sep-Fromme-LQ48/analysis/natasha/indexing/run/r0105-psII/r0105.stream01	4008865	-1	4018791	4539938	4009366	4018774	4019339	4539903	1	20378	1506768128
/bioxfel/data/2017/LCLS-2017-Sep-Fromme-LQ48/data/hdf5/r0105-psII_atten131_final2/mfxlq4815-r0105-c01.cxi	105	-1	1	536	mosflm-comb-latt-nocell-retry-multi-refine	9479.861328	0.000000	0.000000	0	148	orthorhombic	P	13.249720	22.600510	30.883751	90.441902	89.327797	90.763077	0.012090	0.001000	0.007000	2.190000	14299	0	101	-0.038121	-0.034338	0.055369	-0.023276	-0.023214	-0.029624	0.022382	-0.023400	0.000384	/bioxfel/data/2017/LCLS-2017-Sep-Fromme-LQ48/analysis/natasha/indexing/run/r0105-psII/r0105.stream01	8048659	-1	8056055	9176951	8049160	8056038	8056605	9176916	1	20407	1506768128
/bioxfel/data/2017/LCLS-2017-Sep-Fromme-LQ48/data/hdf5/r0105-psII_atten131_final2/mfxlq4815-r0105-c01.cxi	105	-1	1	539	mosflm-comb-latt-nocell-retry-multi-refine	9479.186523	0.000000	0.000000	0	187	orthorhombic	P	13.033520	22.639811	30.802820	89.831329	90.090828	89.966232	0.005700	-0.007000	-0.006000	2.000000	6563	0	44	0.003748	0.076623	-0.001313	0.037005	-0.001424	0.024075	0.017576	-0.001275	-0.027266	/bioxfel/data/2017/LCLS-2017-Sep-Fromme-LQ48/analysis/natasha/indexing/run/r0105-psII/r0105.stream01	9176973	-1	9186163	9700900	9177474	9186146	9186713	9700865	1	20413	1506768128
/bioxfel/data/2017/LCLS-2017-Sep-Fromme-LQ48/data/hdf5/r0105-psII_atten131_final2/mfxlq4815-r0105-c01.cxi	105	-1	1	541	mosflm-comb-latt-nocell-retry-multi-refine	9478.879883	0.000000	0.000000	0	255	orthorhombic	P	13.014630	22.596821	30.826429	89.879860	90.024849	90.399323	0.005570	0.011000	0.008000	2.260000	5947	0	45	-0.022093	-0.036118	-0.064122	0.035322	0.015829	-0.021455	0.017017	-0.026160	0.008856	/bioxfel/data/2017/LCLS-2017-Sep-Fromme-LQ48/analysis/natasha/indexing/run/r0105-psII/r0105.stream01	9705515	-1	9717833	10184410	9706016	9717816	9718381	10184375	1	20415	1506768128
/bioxfel/data/2017/LCLS-2017-Sep-Fromme-LQ48/data/hdf5/r0105-psII_atten131_final2/mfxlq4815-r0105-c01.cxi	105	-1	1	550	mosflm-comb-latt-nocell-retry-multi-refine	9475.830078	0.000000	0.000000	0	242	orthorhombic	P	13.008200	22.672911	30.812540	90.097672	90.189301	90.012138	0.002890	-0.007000	-0.010000	2.340000	3281	0	21	-0.047180	0.012354	-0.059423	0.033966	-0.004108	-0.027834	-0.005651	-0.031877	-0.002279	/bioxfel/data/2017/LCLS-2017-Sep-Fromme-LQ48/analysis/natasha/indexing/run/r0105-psII/r0105.stream01	11325993	-1	11337713	11595404	11326494	11337696	11338263	11595369	1	20426	1506768128
/bioxfel/data/2017/LCLS-2017-Sep-Fromme-LQ48/data/hdf5/r0105-psII_atten131_final2/mfxlq4815-r0105-c01.cxi	105	-1	1	548	mosflm-comb-latt-nocell-retry-multi-refine	9478.353516	0.000000	0.000000	0	131	orthorhombic	P	13.014860	22.516979	30.974710	90.151878	90.343651	89.663383	0.007660	0.015000	-0.004000	2.110000	8289	0	41	-0.014996	0.043052	-0.061852	-0.036556	0.015447	0.019938	0.017051	0.024358	0.012580	/bioxfel/data/2017/LCLS-2017-Sep-Fromme-LQ48/analysis/natasha/indexing/run/r0105-psII/r0105.stream01	12050389	-1	12057003	12707142	12050890	12056986	12057552	12707107	1	20422	1506768128
/bioxfel/data/2017/LCLS-2017-Sep-Fromme-LQ48/data/hdf5/r0105-psII_atten131_final2/mfxlq4815-r0105-c01.cxi	105	-1	1	543	mosflm-comb-latt-nocell-retry-multi-refine	9477.046875	0.000000	0.000000	0	297	orthorhombic	P	13.059830	22.699949	30.867460	90.252930	89.956039	90.011307	0.019240	-0.009000	0.019000	2.340000	19600	0	103	-0.000632	0.066421	0.038091	-0.009895	0.021292	-0.037275	-0.031599	-0.003799	0.006050	/bioxfel/data/2017/LCLS-2017-Sep-Fromme-LQ48/analysis/natasha/indexing/run/r0105-psII/r0105.stream01	13864474	-1	13878724	15414968	13864975	13878707	13879275	15414933	1	20417	1506768128
/bioxfel/data/2017/LCLS-2017-Sep-Fromme-LQ48/data/hdf5/r0105-psII_atten131_final2/mfxlq4815-r0105-c01.cxi	105	-1	1	543	mosflm-comb-latt-nocell-retry-multi-refine	9477.046875	0.000000	0.000000	0	297	orthorhombic	P	13.089490	22.625500	30.822670	90.360069	89.733299	90.164711	0.008970	0.027000	-0.032000	2.130000	7936	0	57	0.038711	0.030197	0.058535	-0.036153	0.022021	0.012713	-0.008939	-0.025019	0.018622	/bioxfel/data/2017/LCLS-2017-Sep-Fromme-LQ48/analysis/natasha/indexing/run/r0105-psII/r0105.stream01	13864474	-1	15414968	16037699	13864975	13878707	15415517	16037664	2	20417	1506768128
/bioxfel/data/2017/LCLS-2017-Sep-Fromme-LQ48/data/hdf5/r0105-psII_atten131_final2/mfxlq4815-r0105-c01.cxi	105	-1	1	562	mosflm-comb-latt-nocell-retry-multi-refine	9476.332031	0.000000	0.000000	0	223	orthorhombic	P	12.989050	22.638941	30.838610	90.237190	90.053360	90.014900	0.005250	-0.004000	-0.015000	2.360000	6002	0	19	-0.073379	-0.012114	0.019898	0.011362	0.001190	0.042669	-0.005149	0.032010	0.000617	/bioxfel/data/2017/LCLS-2017-Sep-Fromme-LQ48/analysis/natasha/indexing/run/r0105-psII/r0105.stream01	18848264	-1	18859110	19329928	18848765	18859093	18859660	19329893	1	20442	1506768128
/bioxfel/data/2017/LCLS-2017-Sep-Fromme-LQ48/data/hdf5/r0105-psII_atten131_final2/mfxlq4815-r0105-c01.cxi	105	-1	1	559	mosflm-comb-latt-nocell-retry-multi-refine	9475.132812	0.000000	0.000000	0	166	orthorhombic	P	13.003050	22.731171	30.774580	90.006203	90.658791	89.588280	0.008070	0.011000	0.028000	2.010000	9200	0	45	-0.073969	-0.021055	-0.000861	0.010725	-0.035561	-0.023575	0.004114	-0.016941	0.027424	/bioxfel/data/2017/LCLS-2017-Sep-Fromme-LQ48/analysis/natasha/indexing/run/r0105-psII/r0105.stream01	19329950	-1	19338174	20059489	19330451	19338157	19338722	20059454	1	20435	1506768128
/bioxfel/data/2017/LCLS-2017-Sep-Fromme-LQ48/data/hdf5/r0105-psII_atten131_final2/mfxlq4815-r0105-c01.cxi	105	-1	1	579	mosflm-comb-latt-nocell-retry-multi-refine	9478.948242	0.000000	0.000000	0	159	orthorhombic	P	13.015910	22.641451	30.848089	90.079163	90.057770	90.234673	0.005980	-0.003000	-0.012000	2.010000	6925	0	39	0.059399	0.043430	-0.022100	-0.016787	0.034452	0.021954	0.016391	-0.008860	0.026527	/bioxfel/data/2017/LCLS-2017-Sep-Fromme-LQ48/analysis/natasha/indexing/run/r0105-psII/r0105.stream01	26967900	-1	26975802	27518881	26968401	26975785	26976352	27518846	1	20471	1506768128
/bioxfel/data/2017/LCLS-2017-Sep-Fromme-LQ48/data/hdf5/r0105-psII_atten131_final2/mfxlq4815-r0105-c01.cxi	105	-1	1	587	mosflm-comb-latt-nocell-retry-multi-refine	9473.366211	0.000000	0.000000	0	229	orthorhombic	P	13.035070	22.688490	30.761480	90.208389	90.174049	89.812668	0.004420	-0.006000	-0.018000	2.250000	5035	0	26	-0.039031	-0.039671	0.052804	0.036365	-0.002520	0.024778	-0.008124	0.027701	0.014949	/bioxfel/data/2017/LCLS-2017-Sep-Fromme-LQ48/analysis/natasha/indexing/run/r0105-psII/r0105.stream01	28329899	-1	28341021	28736064	28330400	28341004	28341571	28736029	1	20487	1506768128
/bioxfel/data/2017/LCLS-2017-Sep-Fromme-LQ48/data/hdf5/r0105-psII_atten131_final2/mfxlq4815-r0105-c01.cxi	105	-1	1	588	mosflm-comb-latt-nocell-retry-multi-refine	9480.937500	0.000000	0.000000	0	240	orthorhombic	P	13.019800	22.730961	30.839870	90.194397	90.003403	89.944557	0.005990	-0.007000	-0.007000	2.430000	6927	0	32	-0.074996	-0.010218	0.013050	0.008252	-0.005506	0.042860	-0.003494	0.031865	0.004879	/bioxfel/data/2017/LCLS-2017-Sep-Fromme-LQ48/analysis/natasha/indexing/run/r0105-psII/r0105.stream01	28743182	-1	28754810	29298029	28743683	28754793	28755360	29297994	1	20486	1506768128
/bioxfel/data/2017/LCLS-2017-Sep-Fromme-LQ48/data/hdf5/r0105-psII_atten131_final2/mfxlq4815-r0105-c01.cxi	105	-1	1	592	mosflm-comb-latt-nocell-retry-multi-refine	9471.008789	0.000000	0.000000	0	288	orthorhombic	P	13.011930	22.649281	30.827490	90.107452	90.008560	89.937897	0.006360	0.006000	-0.005000	2.400000	7426	0	35	0.009479	-0.075375	-0.011623	-0.001363	0.006606	-0.043633	0.032174	0.004110	-0.000444	/bioxfel/data/2017/LCLS-2017-Sep-Fromme-LQ48/analysis/natasha/indexing/run/r0105-psII/r0105.stream01	29454415	-1	29468251	30050559	29454916	29468234	29468800	30050524	1	20490	1506768128
/bioxfel/data/2017/LCLS-2017-Sep-Fromme-LQ48/data/hdf5/r0105-psII_atten131_final2/mfxlq4815-r0105-c01.cxi	105	-1	1	594	mosflm-comb-latt-nocell-retry-multi-refine	9477.601562	0.000000	0.000000	0	240	orthorhombic	P	13.034740	22.698771	30.849409	90.082100	90.098900	89.847481	0.008650	0.002000	-0.004000	2.350000	9784	0	84	-0.037010	-0.029603	0.060329	0.025617	0.023474	0.027085	-0.021272	0.024440	-0.000987	/bioxfel/data/2017/LCLS-2017-Sep-Fromme-LQ48/analysis/natasha/indexing/run/r0105-psII/r0105.stream01	30050581	-1	30062209	30829436	30051082	30062192	30062758	30829401	1	20506	1506768128
/bioxfel/data/2017/LCLS-2017-Sep-Fromme-LQ48/data/hdf5/r0105-psII_atten131_final2/mfxlq4815-r0105-c01.cxi	105	-1	1	591	mosflm-comb-latt-nocell-retry-multi-refine	9473.659180	0.000000	0.000000	0	71	orthorhombic	P	13.019280	22.734591	30.860661	90.476662	90.147423	90.344238	0.001620	0.021000	-0.013000	2.210000	1815	0	6	-0.064903	-0.036305	0.019220	0.007932	0.007790	0.042560	-0.016277	0.027962	-0.001806	/bioxfel/data/2017/LCLS-2017-Sep-Fromme-LQ48/analysis/natasha/indexing/run/r0105-psII/r0105.stream01	30829458	-1	30833311	30976171	30829958	30833294	30833859	30976136	1	20491	1506768128
/bioxfel/data/2017/LCLS-2017-Sep-Fromme-LQ48/data/hdf5/r0105-psII_atten131_final2/mfxlq4815-r0105-c01.cxi	105	-1	1	596	mosflm-comb-latt-nocell-retry-multi-refine	9471.579102	0.000000	0.000000	0	183	orthorhombic	P	13.037120	22.775410	30.882580	90.228699	90.110191	89.913017	0.005390	0.002000	-0.008000	2.320000	6348	0	21	-0.050386	-0.043301	-0.038338	0.024051	0.004418	-0.036468	0.016841	-0.026554	0.007734	/bioxfel/data/2017/LCLS-2017-Sep-Fromme-LQ48/analysis/natasha/indexing/run/r0105-psII/r0105.stream01	30976193	-1	30985199	31483112	30976694	30985182	30985748	31483077	1	20505	1506768128
/bioxfel/data/2017/LCLS-2017-Sep-Fromme-LQ48/data/hdf5/r0105-psII_atten131_final2/mfxlq4815-r0105-c01.cxi	105	-1	1	599	mosflm-comb-latt-nocell-retry-multi-refine	9479.142578	0.000000	0.000000	0	155	orthorhombic	P	12.971210	22.773550	30.849840	90.319733	90.108124	90.391701	0.004420	0.011000	-0.018000	2.180000	4743	0	19	0.043680	0.004599	-0.063361	0.021942	-0.036046	0.012145	-0.021209	-0.018536	-0.016042	/bioxfel/data/2017/LCLS-2017-Sep-Fromme-LQ48/analysis/natasha/indexing/run/r0105-psII/r0105.stream01	32290792	-1	32298511	32670815	32291294	32298494	32299060	32670780	1	20507	1506768128
/bioxfel/data/2017/LCLS-2017-Sep-Fromme-LQ48/data/hdf5/r0105-psII_atten131_final2/mfxlq4815-r0105-c01.cxi	105	-1	1	609	mosflm-comb-latt-nocell-retry-multi-refine	9463.317383	0.000000	0.000000	0	191	orthorhombic	P	13.100440	22.538481	30.904070	90.229523	89.808998	90.123703	0.009290	0.022000	0.003000	2.210000	10565	0	37	-0.038644	-0.037338	-0.054216	-0.022272	-0.022392	0.031163	-0.022726	0.023030	0.000490	/bioxfel/data/2017/LCLS-2017-Sep-Fromme-LQ48/analysis/natasha/indexing/run/r0105-psII/r0105.stream01	32699228	-1	32708603	33536772	32699730	32708586	32709152	33536737	1	20525	1506768128
/bioxfel/data/2017/LCLS-2017-Sep-Fromme-LQ48/data/hdf5/r0105-psII_atten131_final2/mfxlq4815-r0105-c01.cxi	105	-1	1	627	mosflm-comb-latt-nocell-retry-multi-refine	9473.181641	0.000000	0.000000	0	165	orthorhombic	P	13.162510	22.658100	30.471001	90.197456	90.144478	90.025864	0.006560	-0.015000	-0.025000	2.060000	7465	0	19	0.037922	0.038020	-0.053744	-0.030977	0.031435	0.000352	0.016629	0.016286	0.023137	/bioxfel/data/2017/LCLS-2017-Sep-Fromme-LQ48/analysis/natasha/indexing/run/r0105-psII/r0105.stream01	33600866	-1	33609046	34194531	33601368	33609029	33609596	34194496	1	20549	1506768128
/bioxfel/data/2017/LCLS-2017-Sep-Fromme-LQ48/data/hdf5/r0105-psII_atten131_final2/mfxlq4815-r0105-c01.cxi	105	-1	1	632	mosflm-comb-latt-nocell-retry-multi-refine	9477.169922	0.000000	0.000000	0	227	orthorhombic	P	13.068260	22.756701	30.840870	89.954491	89.957764	90.104820	0.006890	-0.001000	-0.000000	2.080000	7959	0	40	0.033572	0.047582	-0.049642	-0.033580	0.028053	0.004056	0.015298	0.014730	0.024502	/bioxfel/data/2017/LCLS-2017-Sep-Fromme-LQ48/analysis/natasha/indexing/run/r0105-psII/r0105.stream01	34749538	-1	34760570	35384644	34750040	34760553	34761120	35384609	1	20557	1506768128
/bioxfel/data/2017/LCLS-2017-Sep-Fromme-LQ48/data/hdf5/r0105-psII_atten131_final2/mfxlq4815-r0105-c01.cxi	105	-1	1	629	mosflm-comb-latt-nocell-retry-multi-refine	9479.249023	0.000000	0.000000	0	266	orthorhombic	P	13.378300	22.765921	30.557520	90.748772	90.154381	90.850517	0.018880	0.036000	0.057000	2.260000	21459	0	140	-0.019681	-0.055577	-0.045961	0.019260	-0.029452	0.026303	-0.027892	-0.004015	0.016645	/bioxfel/data/2017/LCLS-2017-Sep-Fromme-LQ48/analysis/natasha/indexing/run/r0105-psII/r0105.stream01	35955445	-1	35968270	37649893	35955947	35968253	35968820	37649858	1	20552	1506768128
/bioxfel/data/2017/LCLS-2017-Sep-Fromme-LQ48/data/hdf5/r0105-psII_atten131_final2/mfxlq4815-r0105-c01.cxi	105	-1	1	629	mosflm-comb-latt-nocell-retry-multi-refine	9479.249023	0.000000	0.000000	0	266	orthorhombic	P	13.102470	22.758030	30.701710	90.136108	89.648216	90.014450	0.018220	-0.050000	-0.064000	2.040000	19868	0	91	-0.043082	-0.061831	0.012087	0.034172	-0.025768	-0.009952	0.009174	-0.000036	0.031254	/bioxfel/data/2017/LCLS-2017-Sep-Fromme-LQ48/analysis/natasha/indexing/run/r0105-psII/r0105.stream01	35955445	-1	37649893	39206989	35955947	35968253	37650444	39206954	2	20552	1506768128
/bioxfel/data/2017/LCLS-2017-Sep-Fromme-LQ48/data/hdf5/r0105-psII_atten131_final2/mfxlq4815-r0105-c01.cxi	105	-1	1	653	mosflm-comb-latt-nocell-retry-multi-refine	9479.683594	0.000000	0.000000	0	223	orthorhombic	P	13.020880	22.771799	30.857790	89.943207	90.183456	90.282921	0.005410	0.007000	-0.015000	2.380000	6232	0	45	-0.000327	0.050007	0.058288	-0.011127	0.032352	-0.027532	-0.031341	-0.006275	0.005344	/bioxfel/data/2017/LCLS-2017-Sep-Fromme-LQ48/analysis/natasha/indexing/run/r0105-psII/r0105.stream01	42617097	-1	42627944	43116822	42617599	42627927	42628493	43116787	1	20585	1506768128
/bioxfel/data/2017/LCLS-2017-Sep-Fromme-LQ48/data/hdf5/r0105-psII_atten131_final2/mfxlq4815-r0105-c01.cxi	105	-1	1	656	mosflm-comb-latt-nocell-retry-multi-refine	9477.725586	0.000000	0.000000	0	205	orthorhombic	P	13.110920	22.732500	30.773830	90.010582	90.217751	89.971260	0.004510	0.014000	-0.001000	2.180000	4463	0	61	-0.037430	0.001901	-0.066430	0.002983	0.043887	-0.000399	0.028168	-0.002055	-0.016072	/bioxfel/data/2017/LCLS-2017-Sep-Fromme-LQ48/analysis/natasha/indexing/run/r0105-psII/r0105.stream01	43630499	-1	43640518	43990997	43631001	43640501	43641067	43990962	1	20590	1506768128
/bioxfel/data/2017/LCLS-2017-Sep-Fromme-LQ48/data/hdf5/r0105-psII_atten131_final2/mfxlq4815-r0105-c01.cxi	105	-1	1	657	mosflm-comb-latt-nocell-retry-multi-refine	9482.231445	0.000000	0.000000	0	134	orthorhombic	P	13.046050	22.611990	30.887739	89.946640	89.854187	90.176147	0.004330	-0.010000	-0.025000	2.260000	4882	0	23	0.038412	0.032174	-0.058008	-0.020063	-0.027180	-0.028540	-0.023855	0.021569	-0.003724	/bioxfel/data/2017/LCLS-2017-Sep-Fromme-LQ48/analysis/natasha/indexing/run/r0105-psII/r0105.stream01	43991019	-1	43997772	44380871	43991521	43997755	43998322	44380836	1	20588	1506768128
/bioxfel/data/2017/LCLS-2017-Sep-Fromme-LQ48/data/hdf5/r0105-psII_atten131_final2/mfxlq4815-r0105-c01.cxi	105	-1	1	672	mosflm-comb-latt-nocell-retry-multi-refine	9480.749023	0.000000	0.000000	0	239	orthorhombic	P	13.012230	22.740789	30.892691	90.112411	90.032021	90.153427	0.005630	0.002000	-0.005000	2.290000	6260	0	44	0.042112	0.019471	-0.061266	0.027743	-0.033064	0.008414	-0.017784	-0.019718	-0.018514	/bioxfel/data/2017/LCLS-2017-Sep-Fromme-LQ48/analysis/natasha/indexing/run/r0105-psII/r0105.stream01	46755066	-1	46766649	47257785	46755568	46766632	46767198	47257750	1	20666	1506768128
/bioxfel/data/2017/LCLS-2017-Sep-Fromme-LQ48/data/hdf5/r0105-psII_atten131_final2/mfxlq4815-r0105-c01.cxi	105	-1	1	673	mosflm-comb-latt-nocell-retry-multi-refine	9480.243164	0.000000	0.000000	0	221	orthorhombic	P	13.030970	22.714439	30.877600	90.130722	89.893112	90.111122	0.009590	-0.012000	-0.003000	2.440000	11163	0	93	-0.045167	0.035347	0.050987	-0.022419	0.018904	-0.032837	-0.020367	-0.025170	-0.000684	/bioxfel/data/2017/LCLS-2017-Sep-Fromme-LQ48/analysis/natasha/indexing/run/r0105-psII/r0105.stream01	47265806	-1	47276561	48151585	47266308	47276544	47277112	48151550	1	20671	1506768128
/bioxfel/data/2017/LCLS-2017-Sep-Fromme-LQ48/data/hdf5/r0105-psII_atten131_final2/mfxlq4815-r0105-c01.cxi	105	-1	1	695	mosflm-comb-latt-nocell-retry-multi-refine	9475.941406	0.000000	0.000000	0	346	orthorhombic	P	13.125970	22.620371	30.901270	89.983253	89.991318	90.029381	0.013640	0.000000	-0.007000	2.160000	15912	0	128	0.048751	-0.028769	0.050988	0.022723	-0.019352	-0.032611	0.018488	0.026415	-0.002780	/bioxfel/data/2017/LCLS-2017-Sep-Fromme-LQ48/analysis/natasha/indexing/run/r0105-psII/r0105.stream01	51462359	-1	51478864	52725916	51462861	51478847	51479415	52725881	1	20695	1506768128
/bioxfel/data/2017/LCLS-2017-Sep-Fromme-LQ48/data/hdf5/r0105-psII_atten131_final2/mfxlq4815-r0105-c01.cxi	105	-1	1	698	mosflm-comb-latt-nocell-retry-multi-refine	9474.870117	0.000000	0.000000	0	217	orthorhombic	P	13.167630	22.748079	30.664860	90.056053	89.811562	90.190582	0.006940	0.014000	-0.021000	2.000000	7711	0	74	0.021987	-0.046013	0.056276	-0.036435	-0.024036	-0.005220	0.015501	-0.018860	-0.021621	/bioxfel/data/2017/LCLS-2017-Sep-Fromme-LQ48/analysis/natasha/indexing/run/r0105-psII/r0105.stream01	52739045	-1	52749616	53354366	52739547	52749599	52750165	53354331	1	20699	1506768128
/bioxfel/data/2017/LCLS-2017-Sep-Fromme-LQ48/data/hdf5/r0105-psII_atten131_final2/mfxlq4815-r0105-c01.cxi	105	-1	1	718	mosflm-comb-latt-nocell-retry-multi-refine	9474.376953	0.000000	0.000000	0	167	orthorhombic	P	13.021810	22.603479	30.846519	90.522720	89.881897	90.480431	0.005210	0.012000	-0.018000	2.190000	5987	0	31	0.002974	-0.076547	0.005426	-0.001233	-0.003544	-0.044085	0.032371	0.001230	-0.001300	/bioxfel/data/2017/LCLS-2017-Sep-Fromme-LQ48/analysis/natasha/indexing/run/r0105-psII/r0105.stream01	57279566	-1	57287837	57757436	57280068	57287820	57288386	57757401	1	20725	1506768128
/bioxfel/data/2017/LCLS-2017-Sep-Fromme-LQ48/data/hdf5/r0105-psII_atten131_final2/mfxlq4815-r0105-c01.cxi	105	-1	1	735	mosflm-comb-latt-nocell-retry-multi-refine	9480.037109	0.000000	0.000000	0	396	orthorhombic	P	13.030740	22.604601	30.833651	90.100838	90.099930	89.987831	0.007470	0.002000	0.004000	2.450000	8617	0	53	-0.014669	-0.061523	-0.043462	0.004722	0.024631	-0.036443	0.031641	-0.007081	-0.000755	/bioxfel/data/2017/LCLS-2017-Sep-Fromme-LQ48/analysis/natasha/indexing/run/r0105-psII/r0105.stream01	59757854	-1	59776659	60452301	59758356	59776642	59777207	60452266	1	20762	1506768128
/bioxfel/data/2017/LCLS-2017-Sep-Fromme-LQ48/data/hdf5/r0105-psII_atten131_final2/mfxlq4815-r0105-c01.cxi	105	-1	1	734	mosflm-comb-latt-nocell-retry-multi-refine	9478.343750	0.000000	0.000000	0	175	orthorhombic	P	13.086420	22.669960	30.655001	90.418739	90.036057	90.174248	0.006900	0.012000	0.000000	2.000000	7696	0	50	-0.038536	0.039225	-0.053064	0.031260	0.031125	0.000112	0.016184	-0.015832	-0.023487	/bioxfel/data/2017/LCLS-2017-Sep-Fromme-LQ48/analysis/natasha/indexing/run/r0105-psII/r0105.stream01	60452323	-1	60460962	61064452	60452825	60460945	60461510	61064417	1	20763	1506768128
/bioxfel/data/2017/LCLS-2017-Sep-Fromme-LQ48/data/hdf5/r0105-psII_atten131_final2/mfxlq4815-r0105-c01.cxi	105	-1	1	740	mosflm-comb-latt-nocell-retry-multi-refine	9485.887695	0.000000	0.000000	0	241	orthorhombic	P	13.035490	22.677120	30.826771	90.138298	90.120872	89.933357	0.005270	0.007000	-0.007000	2.450000	6063	0	46	-0.042361	-0.049112	-0.040970	0.010160	0.022034	-0.036822	0.025978	-0.018954	-0.004267	/bioxfel/data/2017/LCLS-2017-Sep-Fromme-LQ48/analysis/natasha/indexing/run/r0105-psII/r0105.stream01	63403656	-1	63415332	63890927	63404158	63415315	63415881	63890892	1	20768	1506768128
/bioxfel/data/2017/LCLS-2017-Sep-Fromme-LQ48/data/hdf5/r0105-psII_atten131_final2/mfxlq4815-r0105-c01.cxi	105	-1	1	741	mosflm-comb-latt-nocell-retry-multi-refine	9482.657227	0.000000	0.000000	0	200	orthorhombic	P	13.096570	22.725361	30.705271	90.027977	90.080597	90.029877	0.005650	0.007000	-0.015000	2.030000	6618	0	50	-0.037372	0.049091	-0.044986	-0.031946	-0.029683	-0.005892	-0.015781	0.011814	0.025924	/bioxfel/data/2017/LCLS-2017-Sep-Fromme-LQ48/analysis/natasha/indexing/run/r0105-psII/r0105.stream01	64730240	-1	64740029	65259077	64730742	64740012	64740578	65259042	1	20774	1506768128
/bioxfel/data/2017/LCLS-2017-Sep-Fromme-LQ48/data/hdf5/r0105-psII_atten131_final2/mfxlq4815-r0105-c01.cxi	105	-1	1	744	mosflm-comb-latt-nocell-retry-multi-refine	9475.199219	0.000000	0.000000	0	181	orthorhombic	P	13.182280	22.717920	30.926229	89.825478	90.755508	90.247177	0.007230	-0.010000	-0.007000	2.290000	6998	0	85	0.003296	0.014883	-0.074319	-0.026287	0.034857	0.005623	0.025971	0.018742	0.004470	/bioxfel/data/2017/LCLS-2017-Sep-Fromme-LQ48/analysis/natasha/indexing/run/r0105-psII/r0105.stream01	65786754	-1	65795669	66344932	65787256	65795652	65796219	66344897	1	20779	1506768128
/bioxfel/data/2017/LCLS-2017-Sep-Fromme-LQ48/data/hdf5/r0105-psII_atten131_final2/mfxlq4815-r0105-c01.cxi	105	-1	1	756	mosflm-comb-latt-nocell-retry-multi-refine	9483.589844	0.000000	0.000000	0	199	orthorhombic	P	13.071160	22.728081	30.851780	90.091087	90.022972	90.003128	0.008600	0.007000	-0.014000	2.210000	10104	0	38	-0.030898	-0.056255	-0.041636	0.004537	0.024396	-0.036334	0.029463	-0.012611	-0.004850	/bioxfel/data/2017/LCLS-2017-Sep-Fromme-LQ48/analysis/natasha/indexing/run/r0105-psII/r0105.stream01	68876730	-1	68886473	69678600	68877232	68886456	68887023	69678565	1	20801	1506768128
/bioxfel/data/2017/LCLS-2017-Sep-Fromme-LQ48/data/hdf5/r0105-psII_atten131_final2/mfxlq4815-r0105-c01.cxi	105	-1	1	768	mosflm-comb-latt-nocell-retry-multi-refine	9474.224609	0.000000	0.000000	0	143	orthorhombic	P	13.004420	22.701389	30.851770	90.354218	90.211792	90.048378	0.003580	0.007000	-0.009000	2.060000	4099	0	22	-0.012698	-0.062177	-0.043428	-0.001270	0.025356	-0.035999	0.031929	-0.003828	-0.004068	/bioxfel/data/2017/LCLS-2017-Sep-Fromme-LQ48/analysis/natasha/indexing/run/r0105-psII/r0105.stream01	74039771	-1	74046939	74368704	74040273	74046922	74047488	74368669	1	20813	1506768128
/bioxfel/data/2017/LCLS-2017-Sep-Fromme-LQ48/data/hdf5/r0105-psII_atten131_final2/mfxlq4815-r0105-c01.cxi	105	-1	1	769	mosflm-comb-latt-nocell-retry-multi-refine	9482.496094	0.000000	0.000000	0	190	orthorhombic	P	13.041440	22.619459	30.871941	90.046387	90.106812	89.925484	0.004510	0.003000	-0.014000	2.330000	5160	0	35	-0.015823	0.059198	-0.046096	-0.021420	0.019983	0.033111	0.027506	0.014499	0.009078	/bioxfel/data/2017/LCLS-2017-Sep-Fromme-LQ48/analysis/natasha/indexing/run/r0105-psII/r0105.stream01	75801171	-1	75810500	76215397	75801673	75810483	75811049	76215362	1	20814	1506768128
/bioxfel/data/2017/LCLS-2017-Sep-Fromme-LQ48/data/hdf5/r0105-psII_atten131_final2/mfxlq4815-r0105-c01.cxi	105	-1	1	767	mosflm-comb-latt-nocell-retry-multi-refine	9480.437500	0.000000	0.000000	0	258	orthorhombic	P	13.032870	22.635759	30.850519	90.029411	89.974571	90.126907	0.006880	-0.004000	-0.008000	2.380000	7946	0	39	-0.037326	0.032032	-0.058890	0.024373	-0.023516	-0.028367	-0.021915	-0.023865	0.000928	/bioxfel/data/2017/LCLS-2017-Sep-Fromme-LQ48/analysis/natasha/indexing/run/r0105-psII/r0105.stream01	76215419	-1	76227877	76850984	76215921	76227860	76228427	76850949	1	20812	1506768128
/bioxfel/data/2017/LCLS-2017-Sep-Fromme-LQ48/data/hdf5/r0105-psII_atten131_final2/mfxlq4815-r0105-c01.cxi	105	-1	1	771	mosflm-comb-latt-nocell-retry-multi-refine	9473.527344	0.000000	0.000000	0	259	orthorhombic	P	12.975910	22.703739	30.846140	89.996002	89.974052	90.130692	0.005260	0.002000	-0.003000	2.410000	6011	0	28	-0.048070	0.030165	0.052140	0.021892	-0.020553	0.032223	0.019526	0.025690	0.003117	/bioxfel/data/2017/LCLS-2017-Sep-Fromme-LQ48/analysis/natasha/indexing/run/r0105-psII/r0105.stream01	76851006	-1	76863509	77335015	76851508	76863492	76864058	77334980	1	20816	1506768128
/bioxfel/data/2017/LCLS-2017-Sep-Fromme-LQ48/data/hdf5/r0105-psII_atten131_final2/mfxlq4815-r0105-c01.cxi	105	-1	1	773	mosflm-comb-latt-nocell-retry-multi-refine	9479.595703	0.000000	0.000000	0	237	orthorhombic	P	12.980930	22.653990	30.882650	90.138252	89.959648	90.055840	0.024120	-0.011000	0.008000	1.970000	25236	0	242	0.039056	0.037793	-0.054597	0.031395	-0.031017	0.000928	-0.015747	-0.016733	-0.022816	/bioxfel/data/2017/LCLS-2017-Sep-Fromme-LQ48/analysis/natasha/indexing/run/r0105-psII/r0105.stream01	79923433	-1	80727695	82705168	79923935	79934907	80728246	82705133	2	20819	1506768128
/bioxfel/data/2017/LCLS-2017-Sep-Fromme-LQ48/data/hdf5/r0105-psII_atten131_final2/mfxlq4815-r0105-c01.cxi	105	-1	1	780	mosflm-comb-latt-nocell-retry-multi-refine	9475.455078	0.000000	0.000000	0	289	orthorhombic	P	12.974650	22.672340	30.880779	90.124023	90.106010	90.193520	0.015720	-0.005000	-0.022000	2.160000	16553	0	158	0.018987	-0.053553	0.052077	-0.025652	0.019793	0.029927	-0.025111	-0.018148	-0.009418	/bioxfel/data/2017/LCLS-2017-Sep-Fromme-LQ48/analysis/natasha/indexing/run/r0105-psII/r0105.stream01	83474979	-1	85494600	86792161	83475481	83488845	85495152	86792126	2	20826	1506768128
/bioxfel/data/2017/LCLS-2017-Sep-Fromme-LQ48/data/hdf5/r0105-psII_atten131_final2/mfxlq4815-r0105-c01.cxi	105	-1	1	778	mosflm-comb-latt-nocell-retry-multi-refine	9480.506836	0.000000	0.000000	0	296	orthorhombic	P	13.132440	22.558781	30.849510	89.964142	90.093330	90.208260	0.010850	0.018000	-0.023000	2.390000	12069	0	33	-0.039858	0.047365	-0.044344	-0.013819	0.022163	0.035817	0.025708	0.019617	-0.002245	/bioxfel/data/2017/LCLS-2017-Sep-Fromme-LQ48/analysis/natasha/indexing/run/r0105-psII/r0105.stream01	86792183	-1	86806388	87752475	86792685	86806371	86806938	87752440	1	20823	1506768128
/bioxfel/data/2017/LCLS-2017-Sep-Fromme-LQ48/data/hdf5/r0105-psII_atten131_final2/mfxlq4815-r0105-c01.cxi	105	-1	1	778	mosflm-comb-latt-nocell-retry-multi-refine	9480.506836	0.000000	0.000000	0	296	orthorhombic	P	13.007840	22.711020	30.865829	90.099930	90.061020	89.724930	0.028180	-0.013000	0.016000	2.260000	28425	0	120	-0.073990	-0.012379	0.016805	0.009884	0.000485	0.042906	-0.005182	0.031969	0.000890	/bioxfel/data/2017/LCLS-2017-Sep-Fromme-LQ48/analysis/natasha/indexing/run/r0105-psII/r0105.stream01	86792183	-1	87752475	89980109	86792685	86806371	87753026	89980074	2	20823	1506768128
/bioxfel/data/2017/LCLS-2017-Sep-Fromme-LQ48/data/hdf5/r0105-psII_atten131_final2/mfxlq4815-r0105-c01.cxi	105	-1	1	789	mosflm-comb-latt-nocell-retry-multi-refine	9472.005859	0.000000	0.000000	0	271	orthorhombic	P	13.044610	22.604210	30.786261	90.631187	89.580498	90.185341	0.010160	-0.004000	-0.036000	2.350000	11774	0	63	-0.054191	-0.029237	0.045669	-0.026315	-0.006274	-0.035008	0.012501	-0.029638	-0.004537	/bioxfel/data/2017/LCLS-2017-Sep-Fromme-LQ48/analysis/natasha/indexing/run/r0105-psII/r0105.stream01	89994249	-1	90007305	90930222	89994751	90007288	90007856	90930187	1	20836	1506768128
/bioxfel/data/2017/LCLS-2017-Sep-Fromme-LQ48/data/hdf5/r0105-psII_atten131_final2/mfxlq4815-r0105-c01.cxi	105	-1	1	785	dirax-comb-nolatt-nocell-retry-multi-refine	9473.555664	0.000000	0.000000	0	250	orthorhombic	P	13.031020	22.680870	30.757259	89.875252	89.947052	90.202682	0.029430	-0.016000	0.008000	2.150000	29395	0	237	-0.042154	0.034174	-0.054262	-0.030543	-0.031593	0.003610	-0.015222	0.017425	0.022842	/bioxfel/data/2017/LCLS-2017-Sep-Fromme-LQ48/analysis/natasha/indexing/run/r0105-psII/r0105.stream01	90930244	-1	90942335	93245563	90930747	90942318	90942886	93245528	1	20831	1506768128
/bioxfel/data/2017/LCLS-2017-Sep-Fromme-LQ48/data/hdf5/r0105-psII_atten131_final2/mfxlq4815-r0105-c01.cxi	105	-1	1	797	mosflm-comb-latt-nocell-retry-multi-refine	9477.558594	0.000000	0.000000	0	226	orthorhombic	P	13.018990	22.575291	30.813351	90.123871	89.987999	90.119843	0.003140	0.009000	-0.013000	2.450000	3545	0	29	-0.050781	0.034683	-0.046025	0.026925	-0.006296	-0.034606	-0.014165	-0.028595	-0.005908	/bioxfel/data/2017/LCLS-2017-Sep-Fromme-LQ48/analysis/natasha/indexing/run/r0105-psII/r0105.stream01	93662425	-1	93673410	93951746	93662927	93673393	93673959	93951711	1	20846	1506768128
/bioxfel/data/2017/LCLS-2017-Sep-Fromme-LQ48/data/hdf5/r0105-psII_atten131_final2/mfxlq4815-r0105-c01.cxi	105	-1	1	798	dirax-comb-nolatt-nocell-retry-multi-refine	9476.112305	0.000000	0.000000	0	246	orthorhombic	P	13.035080	22.735809	30.752560	89.901169	90.519989	90.368874	0.006360	-0.007000	-0.021000	2.350000	5841	0	74	0.012085	0.011250	-0.074923	0.043435	-0.002931	0.006276	-0.001445	-0.032044	-0.005346	/bioxfel/data/2017/LCLS-2017-Sep-Fromme-LQ48/analysis/natasha/indexing/run/r0105-psII/r0105.stream01	97768935	-1	97780841	98239389	97769438	97780824	97781391	98239354	1	20847	1506768128
/bioxfel/data/2017/LCLS-2017-Sep-Fromme-LQ48/data/hdf5/r0105-psII_atten131_final2/mfxlq4815-r0105-c01.cxi	105	-1	1	800	mosflm-comb-latt-nocell-retry-multi-refine	9471.314453	0.000000	0.000000	0	228	orthorhombic	P	12.996060	22.661280	30.784870	90.277451	90.130386	89.969978	0.008140	0.007000	0.004000	2.230000	9285	0	57	0.015794	-0.073656	0.015688	0.015169	0.011741	0.039742	-0.029696	-0.003757	0.012619	/bioxfel/data/2017/LCLS-2017-Sep-Fromme-LQ48/analysis/natasha/indexing/run/r0105-psII/r0105.stream01	98239411	-1	98250488	98978434	98239913	98250471	98251036	98978399	1	20850	1506768128
/bioxfel/data/2017/LCLS-2017-Sep-Fromme-LQ48/data/hdf5/r0105-psII_atten131_final2/mfxlq4815-r0105-c01.cxi	105	-1	1	795	mosflm-comb-latt-nocell-retry-multi-refine	9471.044922	0.000000	0.000000	0	228	orthorhombic	P	12.954730	22.685360	30.836950	90.138329	90.086571	90.107361	0.004510	-0.006000	-0.011000	2.380000	4867	0	31	-0.042490	0.044152	0.046944	0.019853	-0.017976	0.035013	0.022783	0.023056	-0.000983	/bioxfel/data/2017/LCLS-2017-Sep-Fromme-LQ48/analysis/natasha/indexing/run/r0105-psII/r0105.stream01	98978456	-1	98989533	99371491	98978958	98989516	98990083	99371456	1	20845	1506768128
/bioxfel/data/2017/LCLS-2017-Sep-Fromme-LQ48/data/hdf5/r0105-psII_atten131_final2/mfxlq4815-r0105-c01.cxi	105	-1	1	795	mosflm-comb-latt-nocell-retry-multi-refine	9471.044922	0.000000	0.000000	0	228	orthorhombic	P	13.102470	22.527399	30.853821	89.641167	89.875122	89.816513	0.028360	-0.005000	0.024000	2.220000	29975	0	244	-0.035460	0.045978	0.049534	0.021351	-0.019840	0.033483	0.024064	0.021524	-0.002860	/bioxfel/data/2017/LCLS-2017-Sep-Fromme-LQ48/analysis/natasha/indexing/run/r0105-psII/r0105.stream01	98978456	-1	99371491	101720318	98978958	98989516	99372042	101720283	2	20845	1506768128
/bioxfel/data/2017/LCLS-2017-Sep-Fromme-LQ48/data/hdf5/r0105-psII_atten131_final2/mfxlq4815-r0105-c01.cxi	105	-1	1	804	mosflm-comb-latt-nocell-retry-multi-refine	9471.022461	0.000000	0.000000	0	248	orthorhombic	P	13.036930	22.710251	30.763769	90.023178	90.200684	89.994789	0.006500	0.008000	-0.018000	2.350000	6354	0	75	-0.026052	0.008485	-0.071645	0.031694	0.029494	-0.008028	0.019652	-0.023845	-0.010092	/bioxfel/data/2017/LCLS-2017-Sep-Fromme-LQ48/analysis/natasha/indexing/run/r0105-psII/r0105.stream01	103721230	-1	103733227	104231900	103721732	103733210	103733776	104231865	1	20873	1506768128
/bioxfel/data/2017/LCLS-2017-Sep-Fromme-LQ48/data/hdf5/r0105-psII_atten131_final2/mfxlq4815-r0105-c01.cxi	105	-1	1	809	mosflm-comb-latt-nocell-retry-multi-refine	9472.225586	0.000000	0.000000	0	104	orthorhombic	P	13.065190	22.700729	30.833269	89.973877	90.193298	90.716461	0.005910	0.001000	-0.014000	1.940000	6831	0	33	-0.038080	0.061625	0.024728	0.019105	0.024897	-0.030919	-0.024309	-0.006701	-0.020397	/bioxfel/data/2017/LCLS-2017-Sep-Fromme-LQ48/analysis/natasha/indexing/run/r0105-psII/r0105.stream01	105794029	-1	105799402	106335146	105794531	105799385	105799951	106335111	1	20875	1506768128
/bioxfel/data/2017/LCLS-2017-Sep-Fromme-LQ48/data/hdf5/r0105-psII_atten131_final2/mfxlq4815-r0105-c01.cxi	105	-1	1	805	mosflm-comb-latt-nocell-retry-multi-refine	9467.715820	0.000000	0.000000	0	261	orthorhombic	P	13.057410	22.640631	30.961201	89.878151	90.420273	90.254723	0.006310	-0.002000	-0.008000	2.020000	6588	0	74	-0.023698	0.041262	0.060013	0.033577	0.028102	-0.005813	-0.018518	0.018008	-0.019392	/bioxfel/data/2017/LCLS-2017-Sep-Fromme-LQ48/analysis/natasha/indexing/run/r0105-psII/r0105.stream01	106350967	-1	106363562	106880596	106351469	106363545	106364112	106880561	1	20872	1506768128
/bioxfel/data/2017/LCLS-2017-Sep-Fromme-LQ48/data/hdf5/r0105-psII_atten131_final2/mfxlq4815-r0105-c01.cxi	105	-1	1	808	mosflm-comb-latt-nocell-retry-multi-refine	9475.339844	0.000000	0.000000	0	284	orthorhombic	P	12.991530	22.624109	30.806829	90.516907	90.388206	89.831459	0.027450	0.001000	0.020000	2.150000	28525	0	297	-0.028463	-0.052263	-0.048822	0.006601	0.027968	-0.033587	0.029736	-0.012159	-0.004666	/bioxfel/data/2017/LCLS-2017-Sep-Fromme-LQ48/analysis/natasha/indexing/run/r0105-psII/r0105.stream01	109661210	-1	110822060	113057344	109661712	109674846	110822610	113057309	2	20870	1506768128
/bioxfel/data/2017/LCLS-2017-Sep-Fromme-LQ48/data/hdf5/r0105-psII_atten131_final2/mfxlq4815-r0105-c01.cxi	105	-1	1	816	mosflm-comb-latt-nocell-retry-multi-refine	9470.332031	0.000000	0.000000	0	149	orthorhombic	P	13.086350	22.563049	30.845980	90.536163	90.714844	90.133682	0.006250	0.023000	-0.012000	2.060000	7120	0	43	-0.042442	-0.031131	-0.055406	0.023617	0.021823	-0.030503	0.020598	-0.024930	-0.002330	/bioxfel/data/2017/LCLS-2017-Sep-Fromme-LQ48/analysis/natasha/indexing/run/r0105-psII/r0105.stream01	113061388	-1	113068831	113627188	113061890	113068814	113069380	113627153	1	20888	1506768128
/bioxfel/data/2017/LCLS-2017-Sep-Fromme-LQ48/data/hdf5/r0105-psII_atten131_final2/mfxlq4815-r0105-c01.cxi	105	-1	1	817	mosflm-comb-latt-nocell-retry-multi-refine	9472.109375	0.000000	0.000000	0	216	orthorhombic	P	13.055710	22.690161	30.806999	90.303520	90.568970	89.789864	0.012120	-0.011000	-0.031000	2.070000	13954	0	91	0.062823	0.030204	-0.031755	-0.021045	0.038439	-0.004687	0.010558	0.009534	0.029179	/bioxfel/data/2017/LCLS-2017-Sep-Fromme-LQ48/analysis/natasha/indexing/run/r0105-psII/r0105.stream01	113627210	-1	113637735	114731452	113627712	113637718	113638286	114731417	1	20890	1506768128
/bioxfel/data/2017/LCLS-2017-Sep-Fromme-LQ48/data/hdf5/r0105-psII_atten131_final2/mfxlq4815-r0105-c01.cxi	105	-1	1	825	mosflm-comb-latt-nocell-retry-multi-refine	9479.016602	0.000000	0.000000	0	364	orthorhombic	P	12.970570	22.645571	30.824030	90.363297	89.662781	89.910950	0.006140	-0.032000	-0.010000	2.400000	7039	0	52	-0.031063	0.045098	0.054273	-0.018644	0.024828	-0.031401	-0.026344	-0.018932	0.000382	/bioxfel/data/2017/LCLS-2017-Sep-Fromme-LQ48/analysis/natasha/indexing/run/r0105-psII/r0105.stream01	116139924	-1	116157257	116709343	116140426	116157240	116157807	116709308	1	20901	1506768128
/bioxfel/data/2017/LCLS-2017-Sep-Fromme-LQ48/data/hdf5/r0105-psII_atten131_final2/mfxlq4815-r0105-c01.cxi	105	-1	1	828	mosflm-comb-latt-nocell-retry-multi-refine	9478.145508	0.000000	0.000000	0	223	orthorhombic	P	12.991480	22.709080	30.834110	89.672523	90.345222	90.553619	0.007660	0.004000	0.006000	2.270000	8898	0	28	-0.050568	0.031228	0.048922	-0.021458	0.018829	-0.033532	-0.018869	-0.026266	-0.002433	/bioxfel/data/2017/LCLS-2017-Sep-Fromme-LQ48/analysis/natasha/indexing/run/r0105-psII/r0105.stream01	116723206	-1	116734053	117431671	116723708	116734036	116734601	117431636	1	20904	1506768128
/bioxfel/data/2017/LCLS-2017-Sep-Fromme-LQ48/data/hdf5/r0105-psII_atten131_final2/mfxlq4815-r0105-c01.cxi	105	-1	1	824	mosflm-comb-latt-nocell-retry-multi-refine	9477.744141	0.000000	0.000000	0	260	orthorhombic	P	12.956250	22.664221	30.839790	89.979813	90.102699	90.038261	0.020590	0.007000	-0.003000	2.250000	22558	0	185	-0.036397	0.032465	-0.059820	-0.022494	0.025930	0.027721	0.023317	0.022437	-0.002085	/bioxfel/data/2017/LCLS-2017-Sep-Fromme-LQ48/analysis/natasha/indexing/run/r0105-psII/r0105.stream01	117987302	-1	119369384	121137125	117987804	117999834	119369935	121137090	2	20898	1506768128
/bioxfel/data/2017/LCLS-2017-Sep-Fromme-LQ48/data/hdf5/r0105-psII_atten131_final2/mfxlq4815-r0105-c01.cxi	105	-1	1	834	mosflm-comb-latt-nocell-retry-multi-refine	9479.786133	0.000000	0.000000	0	237	orthorhombic	P	12.998680	22.648081	30.870609	90.313057	90.316551	90.117706	0.008930	0.005000	-0.012000	2.260000	10367	0	50	-0.035442	-0.038921	-0.056104	0.024541	0.020934	-0.030152	0.022407	-0.023327	0.001782	/bioxfel/data/2017/LCLS-2017-Sep-Fromme-LQ48/analysis/natasha/indexing/run/r0105-psII/r0105.stream01	121673038	-1	121684529	122497316	121673540	121684512	121685079	122497281	1	20908	1506768128
/bioxfel/data/2017/LCLS-2017-Sep-Fromme-LQ48/data/hdf5/r0105-psII_atten131_final2/mfxlq4815-r0105-c01.cxi	105	-1	1	840	mosflm-comb-latt-nocell-retry-multi-refine	9476.746094	0.000000	0.000000	0	191	orthorhombic	P	12.949540	22.659090	30.888809	90.051262	90.099716	90.265823	0.004540	0.005000	0.000000	2.250000	4878	0	27	-0.035659	-0.032068	0.060527	-0.017672	0.039044	0.010536	-0.025696	-0.006589	-0.018558	/bioxfel/data/2017/LCLS-2017-Sep-Fromme-LQ48/analysis/natasha/indexing/run/r0105-psII/r0105.stream01	123142443	-1	123151818	123534688	123142945	123151801	123152366	123534653	1	20916	1506768128
/bioxfel/data/2017/LCLS-2017-Sep-Fromme-LQ48/data/hdf5/r0105-psII_atten131_final2/mfxlq4815-r0105-c01.cxi	105	-1	1	839	mosflm-comb-latt-nocell-retry-multi-refine	9470.512695	0.000000	0.000000	0	178	orthorhombic	P	13.002980	22.658609	30.758410	90.081787	89.981842	90.186523	0.006260	0.007000	-0.007000	2.150000	6924	0	32	-0.038183	0.036933	-0.055610	-0.030506	-0.031890	-0.000432	-0.017167	0.016053	0.022463	/bioxfel/data/2017/LCLS-2017-Sep-Fromme-LQ48/analysis/natasha/indexing/run/r0105-psII/r0105.stream01	123534710	-1	123543487	124086538	123535212	123543470	123544036	124086503	1	20915	1506768128
/bioxfel/data/2017/LCLS-2017-Sep-Fromme-LQ48/data/hdf5/r0105-psII_atten131_final2/mfxlq4815-r0105-c01.cxi	105	-1	1	842	mosflm-comb-latt-nocell-retry-multi-refine	9471.960938	0.000000	0.000000	0	166	orthorhombic	P	12.951760	22.635910	30.918180	90.045052	89.982979	90.209839	0.005390	0.003000	-0.015000	2.080000	6212	0	37	0.000038	-0.058500	-0.050390	0.037250	0.015392	-0.018090	0.017410	-0.017776	0.020664	/bioxfel/data/2017/LCLS-2017-Sep-Fromme-LQ48/analysis/natasha/indexing/run/r0105-psII/r0105.stream01	124086560	-1	124094785	124582064	124087062	124094768	124095334	124582029	1	20919	1506768128
/bioxfel/data/2017/LCLS-2017-Sep-Fromme-LQ48/data/hdf5/r0105-psII_atten131_final2/mfxlq4815-r0105-c01.cxi	105	-1	1	843	mosflm-comb-latt-nocell-retry-multi-refine	9469.422852	0.000000	0.000000	0	308	orthorhombic	P	12.905720	22.740311	30.886450	89.711678	89.952148	90.080971	0.013440	0.021000	-0.013000	2.260000	14898	0	115	-0.044820	0.010289	0.062364	0.021856	-0.031836	0.021038	0.020856	0.022025	0.011322	/bioxfel/data/2017/LCLS-2017-Sep-Fromme-LQ48/analysis/natasha/indexing/run/r0105-psII/r0105.stream01	124582086	-1	124596843	125764664	124582588	124596826	124597394	125764629	1	20920	1506768128
/bioxfel/data/2017/LCLS-2017-Sep-Fromme-LQ48/data/hdf5/r0105-psII_atten131_final2/mfxlq4815-r0105-c01.cxi	105	-1	1	844	mosflm-comb-latt-nocell-retry-multi-refine	9470.181641	0.000000	0.000000	0	191	orthorhombic	P	12.952970	22.672421	30.826960	90.017754	90.091476	90.011703	0.004830	0.004000	-0.005000	2.520000	5546	0	18	0.026752	-0.050021	-0.052369	-0.024667	0.019304	-0.031053	0.024440	0.020191	-0.006877	/bioxfel/data/2017/LCLS-2017-Sep-Fromme-LQ48/analysis/natasha/indexing/run/r0105-psII/r0105.stream01	125764686	-1	125774061	126209181	125765188	125774044	125774610	126209146	1	20921	1506768128
/bioxfel/data/2017/LCLS-2017-Sep-Fromme-LQ48/data/hdf5/r0105-psII_atten131_final2/mfxlq4815-r0105-c01.cxi	105	-1	1	849	mosflm-comb-latt-nocell-retry-multi-refine	9476.385742	0.000000	0.000000	0	318	orthorhombic	P	12.980680	22.611111	30.814699	90.404900	90.340988	89.926666	0.006630	-0.002000	-0.029000	2.470000	7702	0	33	-0.053955	-0.029773	0.046233	0.026038	0.007300	0.034997	-0.013139	0.029413	0.003929	/bioxfel/data/2017/LCLS-2017-Sep-Fromme-LQ48/analysis/natasha/indexing/run/r0105-psII/r0105.stream01	131989278	-1	132004495	132608425	131989780	132004478	132005045	132608390	1	20928	1506768128
/bioxfel/data/2017/LCLS-2017-Sep-Fromme-LQ48/data/hdf5/r0105-psII_atten131_final2/mfxlq4815-r0105-c01.cxi	105	-1	1	852	mosflm-comb-latt-nocell-retry-multi-refine	9467.697266	0.000000	0.000000	0	270	orthorhombic	P	12.992120	22.667271	30.780310	90.082962	89.982697	90.149727	0.005900	0.001000	-0.007000	2.330000	6757	0	30	0.022855	-0.062846	0.038109	0.010516	0.024848	0.034903	-0.030039	-0.003763	0.011789	/bioxfel/data/2017/LCLS-2017-Sep-Fromme-LQ48/analysis/natasha/indexing/run/r0105-psII/r0105.stream01	132608447	-1	132621456	133151387	132608949	132621439	132622005	133151352	1	20931	1506768128
/bioxfel/data/2017/LCLS-2017-Sep-Fromme-LQ48/data/hdf5/r0105-psII_atten131_final2/mfxlq4815-r0105-c01.cxi	105	-1	1	853	mosflm-comb-latt-nocell-retry-multi-refine	9468.057617	0.000000	0.000000	0	189	orthorhombic	P	12.969040	22.637150	30.798201	90.023033	90.055573	89.942902	0.002880	-0.001000	-0.007000	2.570000	3024	0	15	0.020097	0.034735	0.065841	-0.015840	0.038255	-0.015398	-0.029105	-0.006966	0.012596	/bioxfel/data/2017/LCLS-2017-Sep-Fromme-LQ48/analysis/natasha/indexing/run/r0105-psII/r0105.stream01	133151409	-1	133160692	133398335	133151911	133160675	133161242	133398300	1	20932	1506768128
/bioxfel/data/2017/LCLS-2017-Sep-Fromme-LQ48/data/hdf5/r0105-psII_atten131_final2/mfxlq4815-r0105-c01.cxi	105	-1	1	855	mosflm-comb-latt-nocell-retry-multi-refine	9475.467773	0.000000	0.000000	0	140	orthorhombic	P	13.009000	22.579660	30.789530	90.334190	90.116859	90.021393	0.004220	-0.021000	-0.004000	1.970000	4851	0	22	-0.052237	-0.030736	0.047283	-0.027264	0.033970	-0.008010	-0.013136	-0.016171	-0.024917	/bioxfel/data/2017/LCLS-2017-Sep-Fromme-LQ48/analysis/natasha/indexing/run/r0105-psII/r0105.stream01	133398357	-1	133405386	133786035	133398859	133405369	133405936	133786000	1	20935	1506768128
/bioxfel/data/2017/LCLS-2017-Sep-Fromme-LQ48/data/hdf5/r0105-psII_atten131_final2/mfxlq4815-r0105-c01.cxi	105	-1	1	854	mosflm-comb-latt-nocell-retry-multi-refine	9466.576172	0.000000	0.000000	0	131	orthorhombic	P	12.936930	22.689301	30.781031	90.143448	90.199028	90.297028	0.004430	0.001000	-0.007000	2.210000	5116	0	25	-0.060133	0.012981	0.046806	0.021779	-0.018580	0.033511	0.012393	0.028921	0.008088	/bioxfel/data/2017/LCLS-2017-Sep-Fromme-LQ48/analysis/natasha/indexing/run/r0105-psII/r0105.stream01	133786057	-1	133792672	134194050	133786559	133792655	133793221	134194015	1	20934	1506768128
/bioxfel/data/2017/LCLS-2017-Sep-Fromme-LQ48/data/hdf5/r0105-psII_atten131_final2/mfxlq4815-r0105-c01.cxi	105	-1	1	851	mosflm-comb-latt-nocell-retry-multi-refine	9463.994141	0.000000	0.000000	0	285	orthorhombic	P	12.994630	22.626970	30.765841	89.736618	90.284370	89.790489	0.020790	-0.024000	-0.001000	2.270000	22427	0	218	0.049111	-0.021670	-0.055143	0.019754	-0.027336	0.028562	-0.020285	-0.023768	-0.008951	/bioxfel/data/2017/LCLS-2017-Sep-Fromme-LQ48/analysis/natasha/indexing/run/r0105-psII/r0105.stream01	134194072	-1	134207771	135965339	134194574	134207754	134208323	135965304	1	20929	1506768128
/bioxfel/data/2017/LCLS-2017-Sep-Fromme-LQ48/data/hdf5/r0105-psII_atten131_final2/mfxlq4815-r0105-c01.cxi	105	-1	1	851	mosflm-comb-latt-nocell-retry-multi-refine	9463.994141	0.000000	0.000000	0	285	orthorhombic	P	13.014310	22.696461	30.788960	90.689888	90.659447	89.756653	0.019320	0.043000	-0.003000	2.100000	20132	0	134	-0.055053	0.053131	-0.007162	-0.029370	-0.031803	-0.008218	-0.006902	-0.002346	0.031655	/bioxfel/data/2017/LCLS-2017-Sep-Fromme-LQ48/analysis/natasha/indexing/run/r0105-psII/r0105.stream01	134194072	-1	135965339	137543226	134194574	134207754	135965890	137543191	2	20929	1506768128
/bioxfel/data/2017/LCLS-2017-Sep-Fromme-LQ48/data/hdf5/r0105-psII_atten131_final2/mfxlq4815-r0105-c01.cxi	105	-1	1	850	mosflm-comb-latt-nocell-retry-multi-refine	9473.059570	0.000000	0.000000	0	246	orthorhombic	P	13.118600	22.598230	30.813511	90.197723	90.151077	90.164452	0.013770	0.008000	-0.026000	2.180000	14377	0	88	-0.034054	0.038479	-0.056307	-0.032026	0.012608	0.027813	0.017007	0.026537	0.007733	/bioxfel/data/2017/LCLS-2017-Sep-Fromme-LQ48/analysis/natasha/indexing/run/r0105-psII/r0105.stream01	137543248	-1	137555153	138682259	137543750	137555136	137555703	138682224	1	20930	1506768128
/bioxfel/data/2017/LCLS-2017-Sep-Fromme-LQ48/data/hdf5/r0105-psII_atten131_final2/mfxlq4815-r0105-c01.cxi	105	-1	1	856	mosflm-comb-latt-nocell-retry-multi-refine	9471.812500	0.000000	0.000000	0	70	orthorhombic	P	12.960820	22.624990	30.784201	90.007820	90.001068	90.082123	0.002830	-0.005000	-0.007000	1.950000	3212	0	16	0.053826	0.028305	-0.047482	0.031593	-0.018979	0.024398	-0.002002	-0.026800	-0.018247	/bioxfel/data/2017/LCLS-2017-Sep-Fromme-LQ48/analysis/natasha/indexing/run/r0105-psII/r0105.stream01	140574278	-1	140578086	140830379	140574779	140578069	140578636	140830344	1	20933	1506768128
/bioxfel/data/2017/LCLS-2017-Sep-Fromme-LQ48/data/hdf5/r0105-psII_atten131_final2/mfxlq4815-r0105-c01.cxi	105	-1	1	862	mosflm-comb-latt-nocell-retry-multi-refine	9473.140625	0.000000	0.000000	0	221	orthorhombic	P	12.972550	22.605000	30.912901	90.340607	90.033577	89.925079	0.004550	-0.005000	-0.013000	2.140000	5278	0	21	-0.077036	0.000480	0.002734	0.001592	0.019021	0.039909	-0.000324	0.029288	-0.013733	/bioxfel/data/2017/LCLS-2017-Sep-Fromme-LQ48/analysis/natasha/indexing/run/r0105-psII/r0105.stream01	140836743	-1	140847498	141261645	140837245	140847481	140848048	141261610	1	20942	1506768128
/bioxfel/data/2017/LCLS-2017-Sep-Fromme-LQ48/data/hdf5/r0105-psII_atten131_final2/mfxlq4815-r0105-c01.cxi	105	-1	1	861	mosflm-comb-latt-nocell-retry-multi-refine	9481.563477	0.000000	0.000000	0	194	orthorhombic	P	12.974760	22.624109	30.826300	89.940483	90.083298	89.957581	0.006400	-0.003000	-0.009000	2.310000	7312	0	38	-0.071572	-0.017464	0.022642	0.015552	-0.012427	0.039464	-0.003939	0.030248	0.011040	/bioxfel/data/2017/LCLS-2017-Sep-Fromme-LQ48/analysis/natasha/indexing/run/r0105-psII/r0105.stream01	141693676	-1	141703189	142276577	141694178	141703172	141703739	142276542	1	20941	1506768128
/bioxfel/data/2017/LCLS-2017-Sep-Fromme-LQ48/data/hdf5/r0105-psII_atten131_final2/mfxlq4815-r0105-c01.cxi	105	-1	1	858	mosflm-comb-latt-nocell-retry-multi-refine	9462.974609	0.000000	0.000000	0	210	orthorhombic	P	12.952930	22.696770	30.797840	89.809860	89.862747	89.992126	0.004970	0.007000	-0.004000	1.950000	5598	0	12	-0.073352	-0.005767	0.023379	-0.011022	0.033570	-0.026321	-0.005942	-0.020966	-0.024071	/bioxfel/data/2017/LCLS-2017-Sep-Fromme-LQ48/analysis/natasha/indexing/run/r0105-psII/r0105.stream01	142276599	-1	142286848	142726002	142277101	142286831	142287397	142725967	1	20937	1506768128
/bioxfel/data/2017/LCLS-2017-Sep-Fromme-LQ48/data/hdf5/r0105-psII_atten131_final2/mfxlq4815-r0105-c01.cxi	105	-1	1	858	mosflm-comb-latt-nocell-retry-multi-refine	9462.974609	0.000000	0.000000	0	210	orthorhombic	P	12.970440	22.594250	30.829390	89.893822	89.842171	89.809357	0.023940	-0.019000	0.007000	2.180000	26800	0	113	0.060552	-0.021436	0.042641	-0.025517	0.000382	0.036161	-0.007559	-0.031132	-0.005078	/bioxfel/data/2017/LCLS-2017-Sep-Fromme-LQ48/analysis/natasha/indexing/run/r0105-psII/r0105.stream01	142276599	-1	142726002	144825958	142277101	142286831	142726553	144825923	2	20937	1506768128
/bioxfel/data/2017/LCLS-2017-Sep-Fromme-LQ48/data/hdf5/r0105-psII_atten131_final2/mfxlq4815-r0105-c01.cxi	105	-1	1	866	mosflm-comb-latt-nocell-retry-multi-refine	9479.197266	0.000000	0.000000	0	302	orthorhombic	P	13.026640	22.700991	31.358259	90.665558	90.362091	90.175247	0.020010	-0.015000	-0.019000	1.950000	23112	0	119	-0.060861	-0.038511	-0.026572	0.026320	-0.023955	-0.025964	0.003488	-0.021798	0.023017	/bioxfel/data/2017/LCLS-2017-Sep-Fromme-LQ48/analysis/natasha/indexing/run/r0105-psII/r0105.stream01	145176008	-1	145190489	147001496	145176510	145190472	145191041	147001461	1	20946	1506768128
/bioxfel/data/2017/LCLS-2017-Sep-Fromme-LQ48/data/hdf5/r0105-psII_atten131_final2/mfxlq4815-r0105-c01.cxi	105	-1	1	867	mosflm-comb-latt-nocell-retry-multi-refine	9467.678711	0.000000	0.000000	0	272	orthorhombic	P	13.006550	22.652309	31.267130	90.395317	90.274757	89.733528	0.006640	-0.007000	-0.008000	2.070000	7648	0	41	0.075880	-0.004638	0.011494	-0.005311	-0.040192	0.017476	0.003714	-0.013280	-0.028858	/bioxfel/data/2017/LCLS-2017-Sep-Fromme-LQ48/analysis/natasha/indexing/run/r0105-psII/r0105.stream01	148486175	-1	148499276	149099049	148486677	148499259	148499826	149099014	1	20947	1506768128
/bioxfel/data/2017/LCLS-2017-Sep-Fromme-LQ48/data/hdf5/r0105-psII_atten131_final2/mfxlq4815-r0105-c01.cxi	105	-1	1	867	mosflm-comb-latt-nocell-retry-multi-refine	9467.678711	0.000000	0.000000	0	272	orthorhombic	P	13.055430	22.676340	30.676661	89.491539	90.208473	90.510834	0.016590	-0.009000	-0.003000	2.030000	18918	0	143	0.043352	-0.059341	0.021606	0.018925	-0.001178	-0.039818	0.022990	0.020519	0.010639	/bioxfel/data/2017/LCLS-2017-Sep-Fromme-LQ48/analysis/natasha/indexing/run/r0105-psII/r0105.stream01	148486175	-1	149099049	150581564	148486677	148499259	149099601	150581529	2	20947	1506768128
/bioxfel/data/2017/LCLS-2017-Sep-Fromme-LQ48/data/hdf5/r0105-psII_atten131_final2/mfxlq4815-r0105-c01.cxi	105	-1	1	871	mosflm-comb-latt-nocell-retry-multi-refine	9468.209961	0.000000	0.000000	0	357	orthorhombic	P	12.971790	22.649290	30.791880	90.203690	90.164101	90.051682	0.009550	0.003000	-0.013000	2.470000	11033	0	63	-0.055008	-0.028816	0.045681	0.025940	0.006164	0.035192	-0.012361	0.029758	0.004044	/bioxfel/data/2017/LCLS-2017-Sep-Fromme-LQ48/analysis/natasha/indexing/run/r0105-psII/r0105.stream01	150581586	-1	150598597	151463464	150582088	150598580	150599147	151463429	1	20950	1506768128
/bioxfel/data/2017/LCLS-2017-Sep-Fromme-LQ48/data/hdf5/r0105-psII_atten131_final2/mfxlq4815-r0105-c01.cxi	105	-1	1	875	mosflm-comb-latt-nocell-retry-multi-refine	9471.967773	0.000000	0.000000	0	171	orthorhombic	P	13.004480	22.629120	30.818750	90.143784	90.139702	90.301689	0.004580	0.002000	-0.005000	2.190000	5405	0	24	-0.074106	0.011404	-0.017072	-0.010208	-0.039565	0.016832	-0.004712	0.013513	0.029121	/bioxfel/data/2017/LCLS-2017-Sep-Fromme-LQ48/analysis/natasha/indexing/run/r0105-psII/r0105.stream01	152907927	-1	152916382	153340391	152908429	152916365	152916931	153340356	1	20957	1506768128
/bioxfel/data/2017/LCLS-2017-Sep-Fromme-LQ48/data/hdf5/r0105-psII_atten131_final2/mfxlq4815-r0105-c01.cxi	105	-1	1	896	mosflm-comb-latt-nocell-retry-multi-refine	9477.878906	0.000000	0.000000	0	204	orthorhombic	P	12.979940	22.640890	30.751301	90.231049	90.193176	90.527458	0.005130	0.012000	-0.004000	2.190000	5911	0	29	-0.011518	0.056306	-0.051312	0.037192	0.019987	0.012972	0.016874	-0.016670	-0.022246	/bioxfel/data/2017/LCLS-2017-Sep-Fromme-LQ48/analysis/natasha/indexing/run/r0105-psII/r0105.stream01	155639136	-1	155649109	156112820	155639638	155649092	155649658	156112785	1	21043	1506768128
/bioxfel/data/2017/LCLS-2017-Sep-Fromme-LQ48/data/hdf5/r0105-psII_atten131_final2/mfxlq4815-r0105-c01.cxi	105	-1	1	898	mosflm-comb-latt-nocell-retry-multi-refine	9480.130859	0.000000	0.000000	0	129	orthorhombic	P	12.960420	22.776381	30.854380	90.898666	90.139381	90.257027	0.002390	-0.007000	0.014000	1.960000	2652	0	15	0.074446	-0.011708	0.016559	0.010080	0.039413	-0.016529	-0.004199	0.013812	0.029022	/bioxfel/data/2017/LCLS-2017-Sep-Fromme-LQ48/analysis/natasha/indexing/run/r0105-psII/r0105.stream01	156813134	-1	156819657	157028044	156813636	156819640	156820206	157028009	1	21047	1506768128
/bioxfel/data/2017/LCLS-2017-Sep-Fromme-LQ48/data/hdf5/r0105-psII_atten131_final2/mfxlq4815-r0105-c01.cxi	105	-1	1	901	mosflm-comb-latt-nocell-retry-multi-refine	9472.983398	0.000000	0.000000	0	201	orthorhombic	P	12.957300	22.599529	30.761360	89.991119	90.148827	89.733093	0.005500	-0.009000	-0.005000	2.320000	5284	0	31	-0.014652	0.024624	-0.071661	0.042883	0.009560	-0.005261	0.005267	-0.029961	-0.011463	/bioxfel/data/2017/LCLS-2017-Sep-Fromme-LQ48/analysis/natasha/indexing/run/r0105-psII/r0105.stream01	157028066	-1	157037901	157452817	157028568	157037884	157038451	157452782	1	21049	1506768128
/bioxfel/data/2017/LCLS-2017-Sep-Fromme-LQ48/data/hdf5/r0105-psII_atten131_final2/mfxlq4815-r0105-c01.cxi	105	-1	1	910	mosflm-comb-latt-nocell-retry-multi-refine	9479.667969	0.000000	0.000000	0	340	orthorhombic	P	12.948120	22.673759	30.844641	90.354424	90.436310	89.996834	0.009800	0.018000	-0.005000	2.330000	11172	0	47	0.032097	-0.058905	-0.038275	-0.002482	0.023034	-0.037530	0.029523	0.012286	0.005352	/bioxfel/data/2017/LCLS-2017-Sep-Fromme-LQ48/analysis/natasha/indexing/run/r0105-psII/r0105.stream01	161618864	-1	161635093	162510895	161619366	161635076	161635643	162510860	1	21061	1506768128
/bioxfel/data/2017/LCLS-2017-Sep-Fromme-LQ48/data/hdf5/r0105-psII_atten131_final2/mfxlq4815-r0105-c01.cxi	105	-1	1	919	mosflm-comb-latt-nocell-retry-multi-refine	9474.464844	0.000000	0.000000	0	144	orthorhombic	P	12.976690	22.608391	30.830379	90.097481	90.095230	90.316170	0.004300	0.003000	-0.009000	1.940000	4888	0	7	-0.061136	0.009781	-0.045885	-0.015357	-0.039838	0.011559	-0.016380	0.013387	0.024587	/bioxfel/data/2017/LCLS-2017-Sep-Fromme-LQ48/analysis/natasha/indexing/run/r0105-psII/r0105.stream01	164086172	-1	164093386	164476952	164086674	164093369	164093934	164476917	1	21070	1506768128
/bioxfel/data/2017/LCLS-2017-Sep-Fromme-LQ48/data/hdf5/r0105-psII_atten131_final2/mfxlq4815-r0105-c01.cxi	105	-1	1	925	mosflm-comb-latt-nocell-retry-multi-refine	9473.023438	0.000000	0.000000	0	205	orthorhombic	P	12.922540	22.613010	30.882959	90.246803	90.049690	89.883949	0.005360	0.006000	-0.009000	2.220000	5917	0	20	0.038385	0.036754	-0.056250	-0.031692	0.030813	-0.001371	0.015837	0.017476	0.022188	/bioxfel/data/2017/LCLS-2017-Sep-Fromme-LQ48/analysis/natasha/indexing/run/r0105-psII/r0105.stream01	165307937	-1	165317957	165782111	165308439	165317940	165318506	165782076	1	21077	1506768128
/bioxfel/data/2017/LCLS-2017-Sep-Fromme-LQ48/data/hdf5/r0105-psII_atten131_final2/mfxlq4815-r0105-c01.cxi	105	-1	1	932	mosflm-comb-latt-nocell-retry-multi-refine	9477.558594	0.000000	0.000000	0	318	orthorhombic	P	13.012910	22.651091	30.790480	89.911240	90.285789	89.858276	0.009090	-0.008000	-0.005000	2.470000	10443	0	65	0.053778	-0.029379	0.046373	0.027230	-0.004300	-0.034483	0.011689	0.029783	0.005582	/bioxfel/data/2017/LCLS-2017-Sep-Fromme-LQ48/analysis/natasha/indexing/run/r0105-psII/r0105.stream01	166744403	-1	166759621	167578298	166744905	166759604	166760172	167578263	1	21086	1506768128
/bioxfel/data/2017/LCLS-2017-Sep-Fromme-LQ48/data/hdf5/r0105-psII_atten131_final2/mfxlq4815-r0105-c01.cxi	105	-1	1	931	mosflm-comb-latt-nocell-retry-multi-refine	9475.729492	0.000000	0.000000	0	346	orthorhombic	P	13.024910	22.712900	30.811420	90.126389	89.848007	90.619987	0.012010	-0.001000	-0.003000	2.200000	13233	0	102	-0.029562	-0.029244	0.064546	-0.024855	-0.027800	-0.023412	0.023793	-0.022059	0.000801	/bioxfel/data/2017/LCLS-2017-Sep-Fromme-LQ48/analysis/natasha/indexing/run/r0105-psII/r0105.stream01	167578320	-1	167594825	168632315	167578822	167594808	167595377	168632280	1	21085	1506768128
/bioxfel/data/2017/LCLS-2017-Sep-Fromme-LQ48/data/hdf5/r0105-psII_atten131_final2/mfxlq4815-r0105-c01.cxi	105	-1	1	937	mosflm-comb-latt-nocell-retry-multi-refine	9454.322266	0.000000	0.000000	0	97	orthorhombic	P	12.983510	22.601240	30.826500	89.992943	89.982597	90.279480	0.003420	-0.003000	-0.002000	2.290000	4028	0	11	-0.055210	0.017971	-0.050609	-0.026358	0.013043	0.033058	0.011948	0.030068	-0.002342	/bioxfel/data/2017/LCLS-2017-Sep-Fromme-LQ48/analysis/natasha/indexing/run/r0105-psII/r0105.stream01	168637183	-1	168642233	168958451	168637684	168642216	168642783	168958416	1	21092	1506768128
/bioxfel/data/2017/LCLS-2017-Sep-Fromme-LQ48/data/hdf5/r0105-psII_atten131_final2/mfxlq4815-r0105-c01.cxi	105	-1	1	940	mosflm-comb-latt-nocell-retry-multi-refine	9482.824219	0.000000	0.000000	0	141	orthorhombic	P	12.971440	22.583891	30.874100	90.311790	89.982567	89.995827	0.005860	0.001000	0.004000	2.200000	6664	0	13	-0.076927	-0.003595	0.003543	0.002735	-0.040048	0.018692	0.000729	0.013577	0.029398	/bioxfel/data/2017/LCLS-2017-Sep-Fromme-LQ48/analysis/natasha/indexing/run/r0105-psII/r0105.stream01	170000158	-1	170007233	170529910	170000660	170007216	170007781	170529875	1	21096	1506768128
/bioxfel/data/2017/LCLS-2017-Sep-Fromme-LQ48/data/hdf5/r0105-psII_atten131_final2/mfxlq4815-r0105-c01.cxi	105	-1	1	953	mosflm-comb-latt-nocell-retry-multi-refine	9472.933594	0.000000	0.000000	0	283	orthorhombic	P	12.950710	22.726770	30.805981	90.089661	90.099808	90.103996	0.007940	-0.006000	-0.016000	2.300000	9083	0	52	-0.030894	0.057152	0.041732	0.003837	-0.024405	0.036411	0.029594	0.012291	0.005181	/bioxfel/data/2017/LCLS-2017-Sep-Fromme-LQ48/analysis/natasha/indexing/run/r0105-psII/r0105.stream01	172716892	-1	172730499	173442610	172717394	172730482	172731049	173442575	1	21109	1506768128
/bioxfel/data/2017/LCLS-2017-Sep-Fromme-LQ48/data/hdf5/r0105-psII_atten131_final2/mfxlq4815-r0105-c01.cxi	105	-1	1	952	mosflm-comb-latt-nocell-retry-multi-refine	9472.751953	0.000000	0.000000	0	228	orthorhombic	P	12.991820	22.641090	30.815990	90.099068	89.983139	90.073601	0.005810	0.008000	0.002000	2.240000	5013	0	42	0.016585	0.028377	0.069601	-0.043097	0.002355	0.009372	0.000917	-0.030117	0.012050	/bioxfel/data/2017/LCLS-2017-Sep-Fromme-LQ48/analysis/natasha/indexing/run/r0105-psII/r0105.stream01	173444308	-1	173455385	173849038	173444810	173455368	173455933	173849003	1	21108	1506768128
/bioxfel/data/2017/LCLS-2017-Sep-Fromme-LQ48/data/hdf5/r0105-psII_atten131_final2/mfxlq4815-r0105-c01.cxi	105	-1	1	952	mosflm-comb-latt-nocell-retry-multi-refine	9472.751953	0.000000	0.000000	0	228	orthorhombic	P	12.913690	22.664480	30.812889	89.437492	90.331596	89.267029	0.031640	-0.012000	0.011000	2.100000	28386	0	157	0.042709	0.040685	-0.050183	0.030831	-0.031533	0.001549	-0.014549	-0.014996	-0.024836	/bioxfel/data/2017/LCLS-2017-Sep-Fromme-LQ48/analysis/natasha/indexing/run/r0105-psII/r0105.stream01	173444308	-1	173849038	176073416	173444810	173455368	173849589	176073381	2	21108	1506768128
/bioxfel/data/2017/LCLS-2017-Sep-Fromme-LQ48/data/hdf5/r0105-psII_atten131_final2/mfxlq4815-r0105-c01.cxi	105	-1	1	959	mosflm-comb-latt-nocell-retry-multi-refine	9474.661133	0.000000	0.000000	0	187	orthorhombic	P	13.006190	22.689970	30.835400	90.261452	89.719276	90.114960	0.006290	0.006000	-0.010000	2.000000	7390	0	52	0.052255	0.046706	-0.031618	-0.030541	0.031503	-0.004151	0.007467	0.011327	0.029457	/bioxfel/data/2017/LCLS-2017-Sep-Fromme-LQ48/analysis/natasha/indexing/run/r0105-psII/r0105.stream01	176438304	-1	176447495	177027028	176438806	176447478	176448044	177026993	1	21116	1506768128
/bioxfel/data/2017/LCLS-2017-Sep-Fromme-LQ48/data/hdf5/r0105-psII_atten131_final2/mfxlq4815-r0105-c01.cxi	105	-1	1	973	mosflm-comb-latt-nocell-retry-multi-refine	9478.937500	0.000000	0.000000	0	167	orthorhombic	P	12.993760	22.650700	30.862089	90.043602	90.079689	90.025681	0.003950	0.002000	-0.002000	2.350000	4521	0	20	-0.065229	0.029689	0.028047	0.022394	0.017183	0.033947	0.004990	0.027133	-0.016994	/bioxfel/data/2017/LCLS-2017-Sep-Fromme-LQ48/analysis/natasha/indexing/run/r0105-psII/r0105.stream01	178628149	-1	178636420	178991196	178628651	178636403	178636969	178991161	1	21145	1506768128
/bioxfel/data/2017/LCLS-2017-Sep-Fromme-LQ48/data/hdf5/r0105-psII_atten131_final2/mfxlq4815-r0105-c01.cxi	105	-1	1	972	mosflm-comb-latt-nocell-retry-multi-refine	9471.219727	0.000000	0.000000	0	193	orthorhombic	P	12.985790	22.678499	30.799419	90.384979	89.987793	90.656471	0.006380	-0.006000	-0.022000	2.230000	6504	0	58	0.038166	-0.022404	-0.063026	-0.016039	-0.040863	0.004196	-0.025605	0.007934	-0.018320	/bioxfel/data/2017/LCLS-2017-Sep-Fromme-LQ48/analysis/natasha/indexing/run/r0105-psII/r0105.stream01	179001911	-1	179011378	179521642	179002413	179011361	179011928	179521607	1	21144	1506768128
/bioxfel/data/2017/LCLS-2017-Sep-Fromme-LQ48/data/hdf5/r0105-psII_atten131_final2/mfxlq4815-r0105-c01.cxi	105	-1	1	974	mosflm-comb-latt-nocell-retry-multi-refine	9473.849609	0.000000	0.000000	0	178	orthorhombic	P	12.989480	22.803881	30.644979	89.852448	89.894913	90.035988	0.008180	-0.018000	-0.007000	2.130000	9472	0	45	-0.019119	0.072627	-0.016930	-0.035975	-0.003658	0.024808	0.016901	0.010422	0.025896	/bioxfel/data/2017/LCLS-2017-Sep-Fromme-LQ48/analysis/natasha/indexing/run/r0105-psII/r0105.stream01	179521664	-1	179530441	180273047	179522166	179530424	179530991	180273012	1	21146	1506768128
/bioxfel/data/2017/LCLS-2017-Sep-Fromme-LQ48/data/hdf5/r0105-psII_atten131_final2/mfxlq4815-r0105-c01.cxi	105	-1	1	975	mosflm-comb-latt-nocell-retry-multi-refine	9469.593750	0.000000	0.000000	0	200	orthorhombic	P	13.067240	22.543880	30.838610	90.081421	89.756912	90.090508	0.009800	0.013000	-0.000000	2.240000	11333	0	41	0.061124	-0.026557	0.037618	0.022254	-0.003152	-0.038242	0.010747	0.030370	0.003698	/bioxfel/data/2017/LCLS-2017-Sep-Fromme-LQ48/analysis/natasha/indexing/run/r0105-psII/r0105.stream01	180750242	-1	180760031	181648352	180750744	180760014	180760581	181648317	1	21148	1506768128
/bioxfel/data/2017/LCLS-2017-Sep-Fromme-LQ48/data/hdf5/r0105-psII_atten131_final2/mfxlq4815-r0105-c01.cxi	105	-1	1	979	mosflm-comb-latt-nocell-retry-multi-refine	9472.162109	0.000000	0.000000	0	242	orthorhombic	P	12.968560	22.760889	30.840570	89.818649	90.061974	90.191750	0.012900	-0.004000	-0.023000	1.970000	14818	0	107	-0.006747	-0.068406	0.034943	-0.011824	-0.018451	-0.038080	0.031126	-0.006402	-0.006445	/bioxfel/data/2017/LCLS-2017-Sep-Fromme-LQ48/analysis/natasha/indexing/run/r0105-psII/r0105.stream01	182172483	-1	182184205	183345543	182172985	182184188	182184757	183345508	1	21152	1506768128
/bioxfel/data/2017/LCLS-2017-Sep-Fromme-LQ48/data/hdf5/r0105-psII_atten131_final2/mfxlq4815-r0105-c01.cxi	105	-1	1	983	mosflm-comb-latt-nocell-retry-multi-refine	9475.865234	0.000000	0.000000	0	177	orthorhombic	P	13.028300	22.673719	30.752430	90.133278	90.184128	90.262817	0.004610	0.013000	-0.008000	2.300000	4727	0	41	0.034548	0.025273	0.063713	-0.019834	0.039132	-0.004524	-0.025034	-0.010536	0.017880	/bioxfel/data/2017/LCLS-2017-Sep-Fromme-LQ48/analysis/natasha/indexing/run/r0105-psII/r0105.stream01	183354531	-1	183363262	183734352	183355033	183363245	183363811	183734317	1	21156	1506768128
/bioxfel/data/2017/LCLS-2017-Sep-Fromme-LQ48/data/hdf5/r0105-psII_atten131_final2/mfxlq4815-r0105-c01.cxi	105	-1	1	982	mosflm-comb-latt-nocell-retry-multi-refine	9473.973633	0.000000	0.000000	0	199	orthorhombic	P	13.006950	22.648750	30.802080	90.083237	89.982887	90.218010	0.005580	0.004000	-0.008000	2.230000	6028	0	43	-0.046635	-0.015571	-0.059107	-0.013351	-0.036997	0.020061	-0.023910	0.016457	0.014542	/bioxfel/data/2017/LCLS-2017-Sep-Fromme-LQ48/analysis/natasha/indexing/run/r0105-psII/r0105.stream01	183734374	-1	183744117	184217033	183734876	183744100	183744666	184216998	1	21155	1506768128
/bioxfel/data/2017/LCLS-2017-Sep-Fromme-LQ48/data/hdf5/r0105-psII_atten131_final2/mfxlq4815-r0105-c01.cxi	105	-1	1	985	mosflm-comb-latt-nocell-retry-multi-refine	9468.356445	0.000000	0.000000	0	196	orthorhombic	P	12.901230	22.832720	30.871620	89.996017	89.888412	90.620560	0.007860	0.011000	-0.026000	2.270000	8879	0	45	0.027939	-0.059023	-0.041767	-0.004563	0.023274	-0.036822	0.029989	0.011681	0.003670	/bioxfel/data/2017/LCLS-2017-Sep-Fromme-LQ48/analysis/natasha/indexing/run/r0105-psII/r0105.stream01	184217055	-1	184226660	184922838	184217557	184226643	184227209	184922803	1	21159	1506768128
/bioxfel/data/2017/LCLS-2017-Sep-Fromme-LQ48/data/hdf5/r0105-psII_atten131_final2/mfxlq4815-r0105-c01.cxi	105	-1	1	990	mosflm-comb-latt-nocell-retry-multi-refine	9474.701172	0.000000	0.000000	0	100	orthorhombic	P	13.028350	22.644400	30.888880	90.086327	90.128021	90.133308	0.003450	-0.006000	-0.008000	2.190000	3375	0	27	-0.030528	0.000570	0.070422	0.039671	0.008906	0.017237	-0.005881	0.031719	-0.002727	/bioxfel/data/2017/LCLS-2017-Sep-Fromme-LQ48/analysis/natasha/indexing/run/r0105-psII/r0105.stream01	185197164	-1	185202354	185467546	185197666	185202337	185202904	185467511	1	21169	1506768128
/bioxfel/data/2017/LCLS-2017-Sep-Fromme-LQ48/data/hdf5/r0105-psII_atten131_final2/mfxlq4815-r0105-c01.cxi	105	-1	1	997	mosflm-comb-latt-nocell-retry-multi-refine	9466.161133	0.000000	0.000000	0	258	orthorhombic	P	12.922250	22.736300	30.907160	90.396370	90.087013	90.353638	0.007380	0.015000	0.009000	2.210000	8505	0	38	-0.030911	-0.055687	0.043958	-0.006760	0.028958	0.032410	-0.029310	0.006811	-0.011894	/bioxfel/data/2017/LCLS-2017-Sep-Fromme-LQ48/analysis/natasha/indexing/run/r0105-psII/r0105.stream01	186482512	-1	186494969	187161826	186483014	186494952	186495517	187161791	1	21177	1506768128
/bioxfel/data/2017/LCLS-2017-Sep-Fromme-LQ48/data/hdf5/r0105-psII_atten131_final2/mfxlq4815-r0105-c01.cxi	105	-1	1	996	mosflm-comb-latt-nocell-retry-multi-refine	9473.822266	0.000000	0.000000	0	151	orthorhombic	P	12.982320	22.682680	30.832861	89.978600	90.008369	90.049797	0.004200	-0.009000	0.001000	2.130000	4761	0	23	-0.047903	0.032015	-0.051123	0.034431	0.012172	-0.024697	-0.001621	-0.028112	-0.016093	/bioxfel/data/2017/LCLS-2017-Sep-Fromme-LQ48/analysis/natasha/indexing/run/r0105-psII/r0105.stream01	187161848	-1	187169383	187543014	187162350	187169366	187169932	187542979	1	21176	1506768128
