run	subcxi	event	id	multi	a	b	c	alpha	beta	gamma	indby	phoen	bmdv	bmbw	npeak	prorad	detdx	detdy	reslim	nref	nsref	niref	o1	o2	o3	o4	o5	o6	o7	o8	o9	/LCLS/machineTime	/LCLS/machineTimeNanoSeconds	/LCLS/fiducial	/cheetah/frameNumber	row	col	chiprow	chipframe
105	1	137	010501137	1	13.326040	22.752781	30.534660	89.159058	89.338570	89.242317	dirax-comb-nolatt-nocell-retry-multi-refine	9482.674805	0.000000	0.000000	255	0.023160	-0.024000	-0.037000	1.740000	24413	0	83	-0.037964	-0.034275	0.054926	0.030610	-0.031543	0.000689	0.016821	0.017468	0.022019	1506768128	873138880	8937	19719	54	184	54	19719
105	1	232	010501232	1	13.050140	22.528950	31.549000	89.092056	89.378616	89.340202	mosflm-comb-latt-nocell-retry-multi-refine	9462.330078	0.000000	0.000000	219	0.017820	-0.020000	-0.031000	1.470000	18896	0	125	-0.061988	0.006717	0.044560	-0.012668	-0.040718	-0.012350	0.016553	-0.011961	0.024249	1506768128	24183568	10431	19928	55	24	55	19928
105	1	241	010501241	2	13.086690	22.621210	31.057699	89.036827	90.706917	89.860039	mosflm-comb-latt-nocell-retry-multi-refine	9469.966797	0.000000	0.000000	144	0.016850	0.001000	-0.063000	1.240000	19237	0	69	-0.054528	-0.053316	0.004901	-0.029626	0.031357	0.009684	-0.006306	0.002988	-0.031440	1506768128	99219000	10458	19937	55	33	55	19937
105	1	404	010501404	1	13.042440	22.684980	31.099440	89.163879	89.218742	89.580948	dirax-comb-nolatt-nocell-retry-multi-refine	9472.443359	0.000000	0.000000	223	0.012220	0.035000	-0.030000	1.510000	13207	0	82	-0.001712	-0.062251	-0.044743	-0.043583	0.004854	-0.004548	0.005232	0.018778	-0.025580	1506768128	216533568	11220	20191	55	287	55	20191
105	1	726	010501726	1	13.415010	21.767910	30.814409	89.005280	89.029930	89.764023	mosflm-comb-latt-nocell-retry-multi-refine	9475.592773	0.000000	0.000000	97	0.009100	0.044000	0.021000	1.150000	10466	0	68	0.038378	0.036651	0.052366	-0.021514	-0.024299	0.032524	0.023329	-0.022470	-0.002149	1506768128	343861824	14505	20736	57	103	57	20736
105	1	743	010501743	1	13.070090	22.533449	31.450190	89.019173	89.542213	90.352203	mosflm-comb-latt-nocell-retry-multi-refine	9479.852539	0.000000	0.000000	153	0.005630	-0.010000	0.028000	1.290000	6607	0	25	0.022853	0.072962	0.002967	-0.040036	0.013390	-0.013710	-0.009322	0.001415	0.030372	1506768128	685585792	14628	20777	57	144	57	20777
105	1	788	010501788	2	12.811810	22.906679	30.987930	89.228493	90.246063	90.538971	dirax-comb-nolatt-nocell-retry-multi-refine	9476.941406	0.000000	0.000000	261	0.025030	-0.042000	0.017000	1.390000	25397	0	187	0.016892	-0.050835	-0.056775	0.029807	-0.019189	0.025488	-0.022852	-0.020001	0.010924	1506768128	185787760	14808	20837	57	204	57	20837
105	1	799	010501799	1	13.014680	22.455570	31.159580	89.216988	90.235291	90.695251	mosflm-comb-latt-nocell-retry-multi-refine	9467.648438	0.000000	0.000000	211	0.015790	0.001000	0.021000	1.600000	18149	0	112	-0.019907	-0.065194	-0.035471	0.039381	-0.001363	-0.020762	0.011818	-0.017074	0.024474	1506768128	285814752	14844	20849	57	216	57	20849
105	1	822	010501822	1	13.041430	22.769390	30.779261	89.015343	90.278351	90.618668	dirax-comb-nolatt-nocell-retry-multi-refine	9476.053711	0.000000	0.000000	139	0.006680	-0.002000	0.002000	1.460000	7702	0	36	-0.050021	-0.047225	-0.033884	0.026309	-0.034284	0.007880	-0.015232	-0.004458	0.028355	1506768128	677577152	14985	20896	57	263	57	20896
105	1	916	010501916	1	13.127610	22.633030	30.519020	89.147537	89.991302	89.323540	mosflm-comb-latt-nocell-retry-multi-refine	9472.227539	0.000000	0.000000	91	0.004330	0.002000	-0.039000	1.490000	4772	0	14	-0.038619	-0.034477	0.055888	0.031159	-0.031300	0.001512	0.016178	0.017866	0.022202	1506768128	270089632	16278	21067	58	309	58	21067
105	1	938	010501938	1	13.008900	22.737080	30.686630	89.168053	90.066223	90.102119	mosflm-comb-latt-nocell-retry-multi-refine	9461.365234	0.000000	0.000000	107	0.006560	-0.031000	0.024000	1.470000	7555	0	18	-0.015079	0.074793	0.009365	-0.042143	-0.009459	0.008322	0.007298	-0.002456	0.031668	1506768128	486822080	16356	21093	58	283	58	21093
105	1	1099	0105011099	1	13.032020	22.833191	30.716480	89.137367	90.058060	90.322182	mosflm-comb-latt-nocell-retry-multi-refine	9467.485352	0.000000	0.000000	153	0.006990	-0.006000	-0.017000	1.780000	8177	0	24	-0.073669	0.013524	-0.016682	-0.010666	-0.040365	0.013248	-0.004699	0.011634	0.030045	1506768128	428972928	17055	21326	58	50	58	21326
105	1	1259	0105011259	2	13.044590	22.819981	30.465910	89.034752	90.838593	90.761520	mosflm-comb-latt-nocell-retry-multi-refine	9474.944336	0.000000	0.000000	272	0.022570	0.035000	-0.030000	1.940000	23037	0	180	0.015458	-0.072563	0.019359	-0.039612	-0.012722	-0.013792	0.012778	-0.005702	-0.029701	1506768128	13608738	18705	21628	59	251	59	21628
105	1	1266	0105011266	1	12.932790	22.589211	31.073919	89.211357	90.948830	89.745468	mosflm-comb-latt-nocell-retry-multi-refine	9471.927734	0.000000	0.000000	110	0.009150	0.012000	0.024000	1.480000	10497	0	48	0.022800	-0.071826	-0.017374	-0.041393	-0.014422	0.006224	-0.005986	0.005075	-0.031218	1506768128	96998536	18735	21638	59	261	59	21638
105	1	1266	0105011266	2	12.951660	22.180780	31.647240	89.059448	90.790482	89.145920	mosflm-comb-latt-nocell-retry-multi-refine	9471.927734	0.000000	0.000000	110	0.007970	-0.023000	0.013000	1.900000	9178	0	57	0.060327	-0.028347	0.039000	0.003049	-0.033291	-0.030266	0.019872	0.017870	-0.016872	1506768128	96998536	18735	21638	59	261	59	21638
105	1	1352	0105011352	1	13.135410	22.649630	30.493910	89.053619	89.019081	89.145943	mosflm-comb-latt-nocell-retry-multi-refine	9477.615234	0.000000	0.000000	131	0.011300	-0.041000	0.015000	1.560000	12984	0	74	0.066049	0.001423	-0.037872	0.000373	-0.044159	0.000289	-0.016798	0.000207	-0.028175	1506768128	906455168	20106	21806	60	314	60	21806
105	1	1413	0105011413	1	13.053240	23.036230	30.593679	89.103569	90.968781	90.612167	dirax-comb-nolatt-nocell-retry-multi-refine	9477.506836	0.000000	0.000000	56	0.003870	0.013000	0.014000	1.300000	4513	0	15	0.037790	-0.066628	-0.001989	-0.031575	-0.017714	-0.023965	0.015987	0.009244	-0.026980	1506768128	589993600	20352	21888	60	232	60	21888
105	1	1512	0105011512	1	13.163760	22.528500	30.822241	89.007729	90.169930	89.053558	mosflm-comb-latt-nocell-retry-multi-refine	9466.803711	0.000000	0.000000	61	0.008480	-0.019000	0.000000	1.250000	9407	0	15	0.016062	-0.041862	0.061335	0.035717	-0.015850	-0.021083	0.017409	0.024477	0.012278	1506768128	606982784	20718	22010	60	110	60	22010
105	1	1582	0105011582	1	13.083050	22.692249	30.788710	89.166206	89.746140	90.315483	mosflm-comb-latt-nocell-retry-multi-refine	9478.908203	0.000000	0.000000	119	0.005120	-0.009000	0.011000	1.310000	5916	0	27	0.010681	0.075402	0.006558	-0.043313	0.006779	-0.004530	-0.003277	-0.002487	0.032222	1506768128	233191712	22023	22156	61	35	61	22156
105	1	1603	0105011603	1	12.994880	22.589479	30.611401	89.035271	89.333191	90.015266	mosflm-comb-latt-nocell-retry-multi-refine	9476.271484	0.000000	0.000000	161	0.013410	0.001000	0.008000	1.240000	15297	0	68	0.001850	0.076903	0.002277	0.043882	-0.001206	0.005761	0.003720	0.000491	-0.032458	1506768128	458258112	22104	22183	61	62	61	22183
105	1	1669	0105011669	1	13.053430	22.571890	30.989771	89.137062	89.518021	90.028809	mosflm-comb-latt-nocell-retry-multi-refine	9472.749023	0.000000	0.000000	89	0.004170	0.012000	-0.001000	1.250000	4740	0	27	-0.049488	-0.034465	0.047248	0.025406	0.010919	0.034620	-0.016350	0.027700	0.002640	1506768128	266878304	22395	22280	61	159	61	22280
105	1	1772	0105011772	1	13.110000	22.588461	30.730049	89.183052	89.476860	89.609680	mosflm-comb-latt-nocell-retry-multi-refine	9450.668945	0.000000	0.000000	156	0.010340	-0.035000	0.001000	2.150000	11929	0	21	0.048064	0.031654	-0.050069	0.028633	-0.033026	0.007058	-0.014267	-0.016859	-0.023906	1506768256	425676640	22812	22419	61	298	61	22419
105	1	1867	0105011867	1	12.951590	23.302660	30.177179	89.173042	89.372673	90.186073	mosflm-comb-latt-nocell-retry-multi-refine	9470.857422	0.000000	0.000000	48	0.002600	0.025000	-0.025000	1.180000	2956	0	12	-0.031949	-0.069365	0.011400	-0.032247	0.010358	-0.026359	0.017612	-0.011886	-0.025436	1506768256	93964864	24132	22582	62	281	62	22582
105	1	1903	0105011903	1	13.022460	22.847050	30.792870	89.211769	89.161858	89.874290	mosflm-comb-latt-nocell-retry-multi-refine	9473.880859	0.000000	0.000000	136	0.006310	-0.007000	-0.025000	1.390000	7265	0	24	-0.046980	0.060713	0.002212	0.029430	0.023477	-0.022335	-0.013611	-0.010123	-0.027701	1506768256	502445600	24279	22631	62	232	62	22631
105	1	1914	0105011914	1	13.086820	22.504230	30.954281	89.183319	89.246941	89.874634	mosflm-comb-latt-nocell-retry-multi-refine	9473.897461	0.000000	0.000000	49	0.001650	-0.029000	-0.013000	1.260000	1917	0	5	0.051340	0.050970	-0.024622	0.032147	-0.022364	0.021010	0.004330	-0.017841	-0.026589	1506768256	627530048	24324	22646	62	217	62	22646
105	1	2118	0105012118	1	12.750610	22.706699	30.844080	89.211571	90.100952	90.384117	mosflm-comb-latt-nocell-retry-multi-refine	9464.671875	0.000000	0.000000	186	0.008620	-0.026000	-0.022000	1.770000	9665	0	70	-0.033607	-0.055497	-0.044066	0.003045	0.025915	-0.035484	0.029145	-0.012755	-0.006261	1506768256	554779264	26097	22960	63	96	63	22960
105	1	2142	0105012142	1	13.065800	22.798830	30.803400	89.159851	90.055710	89.322281	dirax-comb-nolatt-nocell-retry-multi-refine	9478.185547	0.000000	0.000000	234	0.022830	0.022000	0.002000	2.080000	26344	0	218	0.047916	-0.057693	0.015299	-0.011114	0.002690	0.042353	-0.023883	-0.021319	-0.005407	1506768256	904970496	26223	23002	63	138	63	23002
105	1	2606	0105012606	1	12.982370	22.608170	30.998341	89.120949	89.521278	89.781914	mosflm-comb-latt-nocell-retry-multi-refine	9465.373047	0.000000	0.000000	37	0.001530	-0.014000	-0.017000	1.190000	1718	0	7	-0.075397	-0.011385	-0.010927	-0.008188	0.040724	0.015214	0.002929	0.011291	-0.030082	1506768256	102974456	30252	23787	65	202	65	23787
105	1	2677	0105012677	1	13.214540	22.687300	30.356581	89.081940	90.707703	90.922546	dirax-comb-nolatt-nocell-retry-multi-refine	9466.772461	0.000000	0.000000	121	0.009820	0.056000	0.023000	1.310000	11282	0	73	-0.049567	0.018017	0.054290	-0.032014	-0.021867	-0.020994	0.008103	-0.027074	0.016939	1506768256	928488704	30549	23886	65	301	65	23886
105	1	3072	0105013072	1	13.072740	22.820290	30.953190	89.032463	90.840431	90.284264	mosflm-comb-latt-nocell-retry-multi-refine	9438.950195	0.000000	0.000000	134	0.008790	0.034000	-0.017000	1.380000	10224	0	45	0.003416	0.076428	-0.000186	-0.042686	0.002139	0.009702	0.007701	0.000204	0.031383	1506768256	25773146	34182	24544	67	216	67	24544
105	1	3206	0105013206	1	13.085900	22.234489	31.519810	89.117867	90.083778	90.340919	mosflm-comb-latt-nocell-retry-multi-refine	9473.877930	0.000000	0.000000	163	0.009980	-0.114000	0.066000	1.370000	11574	0	54	0.076023	-0.007518	-0.001985	0.003349	0.037607	-0.024450	0.002395	0.016681	0.026884	1506768256	252949376	35703	24772	68	286	68	24772
105	1	3245	0105013245	1	13.100820	22.615250	30.835020	89.041367	90.765038	90.750862	dirax-comb-nolatt-nocell-retry-multi-refine	9465.801758	0.000000	0.000000	97	0.005400	0.011000	0.015000	1.380000	6260	0	37	-0.064840	0.035898	-0.018319	-0.019972	-0.038728	-0.007576	-0.009550	-0.000526	0.030996	1506768256	803236480	35901	24838	68	220	68	24838
105	1	3283	0105013283	1	13.008130	22.612900	31.023979	89.008659	89.922348	90.238411	mosflm-comb-latt-nocell-retry-multi-refine	9464.522461	0.000000	0.000000	126	0.004040	0.018000	-0.034000	1.540000	4615	0	19	-0.070964	-0.029277	0.004099	-0.016588	0.040561	0.005995	-0.002990	0.002893	-0.031968	1506768256	145081120	36024	24879	68	179	68	24879
105	1	3282	0105013282	1	13.031860	22.815010	31.010920	89.083237	89.969162	89.967117	mosflm-comb-latt-nocell-retry-multi-refine	9465.621094	0.000000	0.000000	217	0.012160	0.004000	0.010000	2.030000	13818	0	57	-0.070368	0.029058	-0.009602	-0.017454	-0.037811	0.013685	0.000553	0.011277	0.030210	1506768256	136734544	36021	24878	68	180	68	24878
105	1	3452	0105013452	1	13.053720	23.228060	30.630581	89.041519	89.991333	89.994217	mosflm-comb-latt-nocell-retry-multi-refine	9468.389648	0.000000	0.000000	145	0.007940	-0.001000	-0.019000	1.610000	9342	0	46	-0.057154	-0.050048	0.009857	0.024894	-0.023232	0.026353	-0.011100	0.017634	0.025139	1506768256	297936160	37878	25195	69	136	69	25195
105	1	3461	0105013461	1	13.062640	22.732540	30.907841	89.222679	89.969551	89.279961	mosflm-comb-latt-nocell-retry-multi-refine	9464.546875	0.000000	0.000000	210	0.008200	0.020000	0.009000	2.070000	9525	0	39	-0.076426	0.002366	-0.003867	0.002823	0.001617	-0.043877	-0.000948	-0.032333	-0.000813	1506768256	489707680	37947	25218	69	159	69	25218
105	1	3516	0105013516	1	13.039370	22.707680	30.775940	89.028580	90.090607	90.750458	mosflm-comb-latt-nocell-retry-multi-refine	9464.333984	0.000000	0.000000	161	0.005270	0.020000	0.014000	1.690000	6148	0	26	0.035942	-0.048372	0.047443	-0.032990	-0.028963	-0.003607	0.015332	-0.013478	-0.025286	1506768256	315156288	38244	25317	69	258	69	25317
105	1	3530	0105013530	1	12.970140	22.750240	30.718620	89.059219	90.144661	89.964844	dirax-comb-nolatt-nocell-retry-multi-refine	9467.878906	0.000000	0.000000	198	0.008770	0.001000	0.027000	1.600000	10035	0	40	-0.077017	-0.003534	-0.000672	-0.001795	0.042125	-0.012445	0.000634	-0.009710	-0.031070	1506768256	465249440	38298	25335	69	276	69	25335
105	1	3546	0105013546	1	12.939060	22.623350	30.729250	89.217010	89.036346	90.362488	mosflm-comb-latt-nocell-retry-multi-refine	9464.961914	0.000000	0.000000	122	0.008840	-0.007000	0.014000	1.510000	10103	0	30	0.077258	-0.001511	0.001986	-0.000806	-0.043084	0.009871	0.000134	-0.006834	-0.031824	1506768256	606972992	38349	25352	69	293	69	25352
105	1	3551	0105013551	1	12.868240	22.445009	31.814400	89.051888	89.263199	90.829613	dirax-comb-nolatt-nocell-retry-multi-refine	9461.950195	0.000000	0.000000	45	0.004790	-0.026000	0.036000	1.050000	5577	0	18	0.067290	-0.023981	0.030631	-0.018036	-0.039390	0.010445	0.008538	-0.010808	-0.028262	1506768256	648672128	38364	25357	69	298	69	25357
105	1	3560	0105013560	1	12.754750	22.888910	31.027660	89.227219	90.581528	89.279579	dirax-comb-nolatt-nocell-retry-multi-refine	9461.750977	0.000000	0.000000	151	0.012050	0.082000	-0.003000	1.390000	13012	0	80	0.019679	-0.044070	-0.061799	-0.037401	0.011534	-0.019430	0.015215	0.025041	-0.013435	1506768256	798743296	38418	25375	69	316	69	25375
105	1	3686	0105013686	1	12.962940	22.533421	31.010920	89.199699	89.834534	90.246437	mosflm-comb-latt-nocell-retry-multi-refine	9461.898438	0.000000	0.000000	119	0.004820	0.008000	0.013000	1.730000	5572	0	12	0.074618	0.010187	-0.016719	-0.008794	0.040711	-0.015333	0.004939	0.011735	0.029630	1506768256	959282240	39915	25598	70	204	70	25598
105	1	3732	0105013732	1	13.078740	22.719589	30.976540	89.095291	90.651497	90.401039	mosflm-comb-latt-nocell-retry-multi-refine	9474.972656	0.000000	0.000000	107	0.005600	0.002000	-0.000000	1.520000	6538	0	10	0.021387	0.072061	-0.014033	-0.042164	0.012136	-0.003577	-0.000248	0.006614	0.031603	1506768256	451236224	40092	25657	70	145	70	25657
105	1	3925	0105013925	1	13.091810	22.415260	31.027170	89.046227	90.707130	90.262039	mosflm-comb-latt-nocell-retry-multi-refine	9466.787109	0.000000	0.000000	205	0.011520	0.040000	-0.007000	1.880000	13043	0	79	0.019766	-0.066997	0.030921	-0.040042	-0.003061	0.019445	-0.010840	-0.015654	-0.026013	1506768256	712555584	41985	26000	71	197	71	26000
105	1	3931	0105013931	1	12.977780	23.169519	30.231581	89.175148	90.796532	89.769524	mosflm-comb-latt-nocell-retry-multi-refine	9469.816406	0.000000	0.000000	201	0.010030	-0.030000	-0.036000	1.410000	11595	0	41	0.064722	-0.037191	0.019148	0.019865	0.017357	-0.034166	0.009498	0.025358	0.019009	1506768256	770946112	42006	26007	71	204	71	26007
105	1	4343	0105014343	1	13.067810	22.865761	31.053570	89.094299	90.988770	90.551483	mosflm-comb-latt-nocell-retry-multi-refine	9459.896484	0.000000	0.000000	338	0.028380	0.027000	0.015000	2.110000	26643	0	257	0.043030	0.015074	-0.061477	0.012934	0.037799	0.017811	0.025097	-0.015351	0.013116	1506768256	259332496	45780	26699	73	164	73	26699
105	1	4401	0105014401	1	12.980890	22.628420	30.397890	89.163742	89.245392	89.930672	mosflm-comb-latt-nocell-retry-multi-refine	9471.474609	0.000000	0.000000	93	0.008530	-0.008000	0.021000	1.070000	9668	0	37	0.003311	0.076759	0.005722	-0.042042	0.002763	-0.013348	-0.009613	-0.002359	0.031379	1506768256	93039008	46080	26799	73	264	73	26799
105	1	4709	0105014709	1	13.044840	22.413700	31.773161	89.106819	89.774590	90.510033	mosflm-comb-latt-nocell-retry-multi-refine	9467.166992	0.000000	0.000000	183	0.012680	0.046000	0.014000	1.370000	14896	0	62	-0.044707	-0.060856	0.013226	-0.030173	0.026027	0.020084	-0.014009	0.004402	-0.027842	1506768256	628438272	48072	27203	74	55	74	27203
105	1	4835	0105014835	1	13.083170	22.560539	31.020550	89.027863	90.170288	90.371078	mosflm-comb-latt-nocell-retry-multi-refine	9468.608398	0.000000	0.000000	40	0.003070	0.003000	0.008000	1.350000	3603	0	8	0.076278	0.002521	-0.004209	-0.001884	0.041961	-0.014181	0.001459	0.009852	0.030665	1506768256	180193984	49710	27447	75	188	75	27447
105	1	4947	0105014947	2	12.887820	22.658480	31.102079	89.007668	90.759209	89.767731	mosflm-comb-latt-nocell-retry-multi-refine	9471.487305	0.000000	0.000000	157	0.009340	-0.003000	-0.042000	1.170000	10634	0	59	0.020952	0.054977	0.050599	0.023386	0.019966	-0.031668	-0.026005	0.017386	-0.007465	1506768256	305623296	50115	27582	75	323	75	27582
105	1	5021	0105015021	1	12.942690	22.671740	30.749390	89.153717	90.740417	90.252502	mosflm-comb-latt-nocell-retry-multi-refine	9454.704102	0.000000	0.000000	59	0.001880	0.012000	-0.006000	1.400000	2144	0	2	-0.074121	-0.020862	0.006448	0.012259	-0.041260	0.009657	0.000079	0.007919	0.031548	1506768256	815305856	51378	27707	76	268	76	27707
105	1	5074	0105015074	1	13.054880	22.380501	30.841299	89.124763	90.527611	89.891083	mosflm-comb-latt-nocell-retry-multi-refine	9469.914062	0.000000	0.000000	41	0.002510	-0.026000	0.017000	1.210000	2870	0	7	0.056417	-0.028585	0.043221	0.024790	-0.006248	-0.036652	0.012427	0.029693	0.003948	1506768256	373890464	51579	27774	76	201	76	27774
105	1	5341	0105015341	1	13.060720	22.726320	31.112129	89.013519	90.507591	90.591469	mosflm-comb-latt-nocell-retry-multi-refine	9467.065430	0.000000	0.000000	218	0.013750	0.010000	-0.002000	1.540000	16110	0	129	-0.028646	-0.061223	-0.035979	0.037985	-0.021545	0.005465	-0.011169	-0.011499	0.027866	1506768256	535024928	53796	28220	77	244	77	28220
105	1	5425	0105015425	1	13.067010	22.836109	30.942690	89.148613	90.079887	89.989220	mosflm-comb-latt-nocell-retry-multi-refine	9470.927734	0.000000	0.000000	76	0.003750	0.004000	0.002000	1.320000	4407	0	26	-0.010390	0.075760	0.003015	0.010025	0.003058	-0.042523	-0.031269	-0.003958	-0.007161	1506768256	186933856	55110	28374	78	336	78	28374
105	1	5730	0105015730	1	13.229920	22.581850	30.634270	89.025642	90.339211	90.218079	mosflm-comb-latt-nocell-retry-multi-refine	9467.144531	0.000000	0.000000	43	0.002170	0.028000	0.039000	1.230000	2607	0	18	0.025836	0.050757	0.049697	-0.006376	0.032395	-0.029521	-0.030163	0.004071	0.011814	1506768256	581766080	57411	28883	79	172	79	28883
105	1	5731	0105015731	1	13.081200	22.524990	31.157810	89.174232	90.612907	90.246307	mosflm-comb-latt-nocell-retry-multi-refine	9470.830078	0.000000	0.000000	218	0.014930	-0.012000	-0.021000	1.450000	17435	0	71	-0.067710	-0.034460	-0.008523	0.019909	-0.034816	-0.019048	0.002889	-0.013591	0.028937	1506768256	590111936	57414	28884	79	173	79	28884
105	1	5790	0105015790	1	12.975060	22.479691	31.045790	89.073120	89.938477	90.864243	mosflm-comb-latt-nocell-retry-multi-refine	9471.663086	0.000000	0.000000	108	0.005760	-0.021000	0.026000	1.320000	6703	0	17	0.019497	0.070995	0.022822	0.040208	-0.014345	0.012546	0.010961	0.006458	-0.029596	1506768256	290397120	57666	28968	79	257	79	28968
105	1	5984	0105015984	1	13.060420	22.645399	31.116091	89.019630	89.724213	89.998932	mosflm-comb-latt-nocell-retry-multi-refine	9469.013672	0.000000	0.000000	121	0.009320	0.012000	0.015000	1.430000	10814	0	74	0.072916	-0.022836	-0.004953	-0.013100	-0.042153	0.001452	-0.002283	0.000182	-0.032061	1506768256	617376320	59583	29300	80	154	80	29300
105	1	6200	0105016200	1	12.999570	22.371229	30.957199	89.052811	89.235497	90.199837	mosflm-comb-latt-nocell-retry-multi-refine	9478.968750	0.000000	0.000000	84	0.002830	-0.018000	0.013000	1.480000	3218	0	4	0.015499	0.071738	0.023069	-0.035834	0.015029	-0.022107	-0.017810	-0.005127	0.026466	1506768256	152515680	61575	29718	81	263	81	29718
105	1	6887	0105016887	1	12.974420	22.779850	31.010820	89.121597	89.345512	90.247360	mosflm-comb-latt-nocell-retry-multi-refine	9462.128906	0.000000	0.000000	134	0.005340	-0.011000	-0.046000	1.880000	6153	0	19	-0.013137	0.072381	0.023018	0.042050	0.010206	-0.007431	-0.007775	0.007832	-0.030306	1506768256	215330704	67356	30779	84	147	84	30779
105	1	7155	0105017155	1	12.961000	22.631809	30.717501	89.210083	90.352341	90.088287	mosflm-comb-latt-nocell-retry-multi-refine	9473.127930	0.000000	0.000000	140	0.008640	-0.010000	-0.010000	1.400000	9894	0	31	-0.005713	-0.071480	-0.028478	0.043971	-0.004152	0.001427	-0.002565	-0.012022	0.030149	1506768384	449344416	69600	31232	85	305	85	31232
105	1	7153	0105017153	3	13.381580	22.614300	29.850019	89.222351	89.989899	90.728172	mosflm-comb-latt-nocell-retry-multi-refine	9474.743164	0.000000	0.000000	124	0.003930	-0.050000	-0.004000	1.280000	4109	0	18	0.052431	0.006548	-0.052853	0.017089	-0.039196	0.011301	-0.020428	-0.014758	-0.022077	1506768384	432677504	69594	31230	85	303	85	31230
105	1	7175	0105017175	1	12.992010	22.659300	30.669769	89.162560	89.203529	89.940331	mosflm-comb-latt-nocell-retry-multi-refine	9468.526367	0.000000	0.000000	112	0.004560	0.013000	-0.025000	1.490000	5241	0	10	-0.076231	0.008903	-0.005933	0.004978	0.043798	0.002243	0.003081	0.000832	-0.032456	1506768384	632671936	69666	31254	85	327	85	31254
105	1	7356	0105017356	1	13.088530	22.546740	30.513920	89.114380	89.106941	90.872940	mosflm-comb-latt-nocell-retry-multi-refine	9470.516602	0.000000	0.000000	34	0.004520	0.037000	0.009000	1.150000	5226	0	17	-0.058687	0.042722	0.023893	-0.028916	-0.028451	-0.017958	-0.000122	-0.016829	0.028130	1506768384	874418752	71193	31516	86	143	86	31516
105	1	7557	0105017557	1	13.011040	22.649220	30.820959	89.145973	89.609818	90.340088	mosflm-comb-latt-nocell-retry-multi-refine	9477.773438	0.000000	0.000000	80	0.005700	0.031000	-0.013000	1.820000	6652	0	30	0.015595	0.072118	0.021526	-0.000663	-0.012235	0.042423	0.031729	-0.006535	-0.001893	1506768384	32523540	73050	31847	87	187	87	31847
105	1	8315	0105018315	1	13.100830	22.719339	30.656969	89.166260	90.029892	89.427399	mosflm-comb-latt-nocell-retry-multi-refine	9462.412109	0.000000	0.000000	123	0.007070	-0.039000	0.004000	1.890000	8182	0	9	0.039271	0.043201	-0.049178	0.032837	-0.029297	0.001169	-0.013841	-0.015796	-0.024963	1506768384	457274592	78963	32958	90	159	90	32958
105	1	8597	0105018597	1	12.994580	22.830339	30.913170	89.091408	90.074898	89.522980	mosflm-comb-latt-nocell-retry-multi-refine	9467.791016	0.000000	0.000000	186	0.009130	-0.008000	0.020000	2.110000	10629	0	44	-0.075841	-0.006241	0.011475	-0.006573	0.005363	-0.042979	0.002019	-0.032067	-0.003787	1506768384	716035072	81216	33408	91	290	91	33408
105	1	8798	0105018798	1	13.076890	22.711130	30.934980	89.221474	89.071503	89.778297	dirax-comb-nolatt-nocell-retry-multi-refine	9465.954102	0.000000	0.000000	227	0.009120	-0.012000	-0.009000	1.750000	10542	0	62	-0.076373	0.001634	-0.003732	0.000654	0.043144	0.008794	0.002200	0.005981	-0.031699	1506768384	233276320	82842	33688	92	159	92	33688
105	1	8852	0105018852	1	13.039560	22.420740	31.406900	89.209602	89.940689	89.891212	mosflm-comb-latt-nocell-retry-multi-refine	9469.669922	0.000000	0.000000	220	0.010570	0.016000	0.018000	1.640000	11866	0	42	0.031007	0.069925	-0.005512	0.035245	-0.013864	0.023565	0.014265	-0.008503	-0.027170	1506768384	816666176	83052	33758	92	89	92	33758
105	1	8848	0105018848	2	13.059070	22.574699	30.700951	89.095970	90.537483	89.219109	mosflm-comb-latt-nocell-retry-multi-refine	9467.368164	0.000000	0.000000	274	0.018280	-0.032000	0.007000	2.010000	18875	0	46	0.059772	-0.040351	0.025778	-0.024606	-0.013353	0.034342	-0.009474	-0.025801	-0.017489	1506768384	774978432	83037	33753	92	94	92	33753
105	1	9063	0105019063	1	13.125680	22.966999	30.813450	89.154579	90.273308	90.984772	mosflm-comb-latt-nocell-retry-multi-refine	9473.024414	0.000000	0.000000	266	0.020460	0.024000	-0.008000	1.830000	21906	0	87	-0.056764	0.038344	0.033374	0.006632	0.034129	-0.026229	-0.021166	-0.012695	-0.021079	1506768384	392003360	85059	34150	93	302	93	34150
105	1	9170	0105019170	1	12.985780	22.759720	30.824961	89.131447	89.943680	90.601120	mosflm-comb-latt-nocell-retry-multi-refine	9464.142578	0.000000	0.000000	105	0.003900	0.000000	0.019000	1.470000	4479	0	17	0.066659	0.005367	0.038190	0.008243	-0.042512	-0.007482	0.015059	0.008272	-0.027522	1506768384	475423424	86529	34332	94	232	94	34332
105	1	9382	0105019382	1	13.071020	22.648720	30.960911	89.226051	89.239838	90.305122	mosflm-comb-latt-nocell-retry-multi-refine	9463.764648	0.000000	0.000000	51	0.002390	-0.023000	-0.003000	1.270000	2721	0	22	0.025132	-0.046246	0.055533	-0.008348	0.031209	0.030103	-0.029936	-0.011714	0.003199	1506768384	541942336	88353	34656	95	91	95	34656
105	1	9494	0105019494	1	12.959230	22.523870	30.856039	89.199417	90.044403	89.881462	mosflm-comb-latt-nocell-retry-multi-refine	9468.422852	0.000000	0.000000	60	0.002220	-0.004000	0.009000	1.240000	2647	0	16	0.073153	-0.014418	0.019880	0.011278	0.041253	-0.011938	-0.006221	0.009955	0.030211	1506768384	241824816	88965	34860	95	295	95	34860
105	1	9514	0105019514	1	12.874940	22.487009	31.037560	89.019600	90.753738	89.224571	mosflm-comb-latt-nocell-retry-multi-refine	9472.752930	0.000000	0.000000	137	0.005770	0.002000	-0.001000	1.420000	6549	0	12	0.073203	0.018893	-0.017867	0.013112	-0.040162	0.013915	-0.004003	-0.011082	-0.029995	1506768384	425139360	89031	34882	95	317	95	34882
105	1	9600	0105019600	1	12.880960	22.858841	30.823820	89.221542	89.009293	90.002472	mosflm-comb-latt-nocell-retry-multi-refine	9470.254883	0.000000	0.000000	33	0.001310	-0.003000	0.021000	1.240000	1587	0	3	0.019922	0.068050	-0.031641	-0.033003	0.019486	0.021101	0.019790	0.005270	0.025171	1506768384	183257952	90384	35045	96	239	96	35045
105	1	9817	0105019817	1	13.067040	22.600660	30.911030	89.052338	89.571449	89.641457	mosflm-comb-latt-nocell-retry-multi-refine	9529.634766	0.000000	0.000000	37	0.001410	-0.027000	0.010000	1.300000	1774	0	1	0.054176	-0.030098	0.044902	0.026062	0.034704	-0.008646	-0.012886	0.015328	0.025415	1506768384	258157216	92211	35364	97	79	97	35364
105	1	9826	0105019826	2	13.053150	22.316669	31.110920	89.218910	90.846062	89.843468	mosflm-comb-latt-nocell-retry-multi-refine	9542.111328	0.000000	0.000000	162	0.016560	-0.003000	-0.021000	1.440000	18891	0	33	0.039077	0.064100	-0.015316	-0.034042	0.014563	-0.025246	-0.012486	0.014371	0.025907	1506768384	333138688	92238	35373	97	88	97	35373
105	1	9981	0105019981	1	13.093830	22.537399	31.025570	89.008072	90.719933	89.863861	mosflm-comb-latt-nocell-retry-multi-refine	9465.632812	0.000000	0.000000	350	0.031350	-0.018000	0.028000	1.940000	31589	0	262	-0.023380	-0.053466	-0.049278	-0.002065	-0.029461	0.033123	-0.030744	0.008419	0.004823	1506768384	33048260	92850	35577	97	292	97	35577
105	0	65	01050065	1	13.116360	22.778990	30.921949	89.071632	89.319717	89.939941	mosflm-comb-latt-nocell-retry-multi-refine	9459.023438	0.000000	0.000000	120	0.004800	0.037000	0.029000	1.380000	5579	0	40	0.003102	-0.076183	0.000148	-0.043834	-0.001744	0.001816	-0.000827	0.000288	-0.032334	1506767872	198361648	36444	113	0	112	0	113
105	0	384	010500384	1	12.813220	23.391870	30.851179	89.110718	90.961708	89.193329	mosflm-comb-latt-nocell-retry-multi-refine	9452.697266	0.000000	0.000000	26	0.002070	0.068000	-0.008000	1.180000	2389	0	12	0.028355	-0.057952	-0.043949	0.004916	-0.023568	0.035338	-0.029808	-0.011956	-0.004445	1506767872	693042624	40221	800	3	67	3	800
105	0	421	010500421	1	13.502730	22.663179	30.633101	89.226830	89.219452	89.356270	mosflm-comb-latt-nocell-retry-multi-refine	9460.215820	0.000000	0.000000	77	0.008010	-0.016000	-0.034000	1.160000	8802	0	86	0.034717	0.016604	-0.063289	-0.038499	0.013157	-0.017096	0.005657	0.030031	0.011497	1506767872	676614784	40575	918	3	185	3	918
105	0	728	010500728	1	13.066220	22.279819	32.207291	89.221024	89.612129	89.419388	mosflm-comb-latt-nocell-retry-multi-refine	9467.541016	0.000000	0.000000	226	0.017710	-0.077000	-0.019000	1.250000	20667	0	83	-0.014912	0.073574	0.014924	-0.038735	-0.003782	-0.022369	-0.013958	-0.008405	0.026434	1506767872	753969536	44562	1666	5	203	5	1666
105	0	726	010500726	2	13.459740	22.813810	30.298910	89.146828	89.935059	90.804558	mosflm-comb-latt-nocell-retry-multi-refine	9469.583984	0.000000	0.000000	250	0.026400	-0.012000	0.022000	1.520000	27196	0	178	0.025405	0.050747	-0.047961	0.037710	0.002972	0.022165	0.012406	-0.024090	-0.018850	1506767872	695625792	44541	1659	5	196	5	1659
105	0	863	010500863	1	13.050470	22.644581	31.463209	89.211281	90.648537	89.622513	mosflm-comb-latt-nocell-retry-multi-refine	9462.593750	0.000000	0.000000	127	0.006150	-0.020000	-0.001000	1.360000	7139	0	39	-0.039653	-0.065304	-0.005953	-0.037305	0.022280	0.007908	-0.003421	0.004503	-0.031281	1506767872	80062880	46479	2015	6	190	6	2015
105	0	890	010500890	1	13.111610	22.599110	30.876051	89.159264	90.859688	89.961617	mosflm-comb-latt-nocell-retry-multi-refine	9470.578125	0.000000	0.000000	152	0.004000	0.009000	-0.045000	1.850000	4579	0	17	-0.020693	-0.066555	0.030991	-0.038468	0.017878	0.012612	-0.013088	-0.009550	-0.028052	1506767872	380121440	46587	2051	6	154	6	2051
105	0	896	010500896	1	13.100460	22.750610	30.805260	89.173073	89.138298	89.604858	mosflm-comb-latt-nocell-retry-multi-refine	9467.561523	0.000000	0.000000	106	0.005980	-0.031000	0.050000	1.370000	7006	0	17	-0.013861	0.070827	0.024895	-0.040418	-0.012445	0.012002	0.011739	-0.008444	0.029071	1506767872	438437664	46608	2058	6	147	6	2058
105	0	893	010500893	1	12.999620	22.844749	30.922470	89.135910	89.434998	90.009628	mosflm-comb-latt-nocell-retry-multi-refine	9430.750000	0.000000	0.000000	125	0.006000	-0.009000	-0.005000	1.340000	6820	0	16	-0.072361	0.015951	-0.020676	-0.012798	-0.039307	0.014413	-0.005154	0.012927	0.029197	1506767872	405111616	46596	2054	6	151	6	2054
105	0	1025	0105001025	1	13.055190	22.783541	30.853670	89.151192	90.093002	89.685081	mosflm-comb-latt-nocell-retry-multi-refine	9469.916016	0.000000	0.000000	120	0.003530	-0.020000	-0.002000	1.510000	4007	0	17	-0.012214	0.074642	0.012115	-0.041992	-0.008649	0.009422	0.008240	-0.003649	0.031137	1506767872	139111920	48300	2375	7	169	7	2375
105	0	1046	0105001046	1	13.154600	22.841551	31.019079	89.133163	90.496391	90.878670	mosflm-comb-latt-nocell-retry-multi-refine	9473.788086	0.000000	0.000000	263	0.018210	-0.010000	0.021000	1.640000	20946	0	116	-0.055624	0.037856	-0.035406	-0.022744	0.002817	0.037314	0.014694	0.028006	0.006275	1506767872	347463040	48375	2400	7	194	7	2400
105	0	1565	0105001565	2	13.058300	22.637871	31.983379	89.193459	90.877930	90.426117	mosflm-comb-latt-nocell-retry-multi-refine	9482.317383	0.000000	0.000000	255	0.017760	0.006000	0.003000	1.750000	19451	0	68	-0.068459	-0.033208	0.008762	-0.016881	0.038002	0.014924	-0.007916	0.007488	-0.029313	1506767872	806384000	54300	3528	10	153	10	3528
105	0	1754	0105001754	1	13.029200	22.982550	30.335581	89.107910	89.387741	89.987198	mosflm-comb-latt-nocell-retry-multi-refine	9480.445312	0.000000	0.000000	55	0.007000	0.026000	-0.049000	1.100000	8097	0	30	0.004163	-0.076408	-0.005990	0.039258	0.000670	0.018763	-0.014592	-0.002749	0.029438	1506767872	390275456	56310	3903	11	221	11	3903
105	0	1774	0105001774	1	13.153760	22.377001	31.164660	89.172623	90.970650	89.097183	mosflm-comb-latt-nocell-retry-multi-refine	9485.983398	0.000000	0.000000	24	0.002550	-0.103000	0.109000	0.940000	3018	0	15	-0.074491	-0.009681	-0.011841	0.008437	-0.041378	-0.014653	-0.003907	-0.010888	0.029939	1506767872	115379592	56571	3990	11	308	11	3990
105	0	1896	0105001896	1	13.414770	22.688789	29.822269	89.085701	90.026810	89.687279	mosflm-comb-latt-nocell-retry-multi-refine	9480.093750	0.000000	0.000000	87	0.004120	-0.010000	-0.055000	1.320000	4656	0	21	-0.025507	-0.048815	0.050235	0.038717	-0.021042	-0.001146	0.010882	0.019794	0.024788	1506767872	491120928	58146	4223	12	189	12	4223
105	0	2414	0105002414	1	13.151010	22.674641	30.467800	89.117722	90.452522	90.166718	mosflm-comb-latt-nocell-retry-multi-refine	9483.555664	0.000000	0.000000	123	0.004400	0.024000	-0.024000	1.350000	5104	0	25	-0.066670	0.009710	-0.035260	-0.004219	-0.043692	-0.004319	-0.015665	-0.000828	0.028836	1506768000	995067904	63726	5268	15	115	15	5268
105	0	2728	0105002728	1	13.071150	22.701799	30.966200	89.153633	90.264999	90.094719	mosflm-comb-latt-nocell-retry-multi-refine	9474.970703	0.000000	0.000000	203	0.014160	0.019000	-0.010000	1.440000	16482	0	100	0.010379	0.075020	0.010829	-0.043303	0.006716	-0.004532	-0.003465	-0.003969	0.031865	1506768000	389042592	67467	5961	17	65	17	5961
105	0	2727	0105002727	1	13.396890	22.620781	30.307100	89.032043	90.006912	90.265152	mosflm-comb-latt-nocell-retry-multi-refine	9478.747070	0.000000	0.000000	282	0.011560	-0.031000	-0.050000	1.940000	13529	0	78	-0.004348	-0.055313	0.049935	-0.036313	0.018275	0.017386	-0.018280	-0.017606	-0.021092	1506768000	380697568	67464	5960	17	64	17	5960
105	0	2758	0105002758	1	13.189060	22.683661	30.863390	89.189667	90.747368	90.246239	mosflm-comb-latt-nocell-retry-multi-refine	9476.125977	0.000000	0.000000	342	0.012130	-0.003000	-0.042000	2.130000	13017	0	112	0.043976	0.031789	-0.052966	0.025464	0.017556	0.031420	0.018673	-0.026468	-0.000985	1506768000	822422016	67623	6013	17	117	17	6013
105	0	2765	0105002765	1	13.111660	22.548571	31.375111	89.120010	89.642754	89.908340	mosflm-comb-latt-nocell-retry-multi-refine	9470.776367	0.000000	0.000000	63	0.006430	-0.006000	-0.005000	1.010000	7553	0	31	-0.001518	0.076248	-0.000990	-0.042675	-0.000760	0.012066	0.009136	0.000380	0.030537	1506768000	972466176	67677	6031	17	135	17	6031
105	0	2807	0105002807	2	13.083110	22.673491	30.458599	89.187927	90.524658	90.251999	mosflm-comb-latt-nocell-retry-multi-refine	9475.898438	0.000000	0.000000	135	0.007680	-0.006000	0.037000	1.240000	8632	0	75	0.045693	-0.039442	-0.046896	-0.008757	-0.037032	0.022307	-0.025206	-0.005691	-0.020260	1506768000	497473920	67866	6094	17	198	17	6094
105	0	2974	0105002974	1	12.972960	22.518900	31.741230	89.002937	90.539627	89.751381	mosflm-comb-latt-nocell-retry-multi-refine	9469.274414	0.000000	0.000000	30	0.004620	-0.028000	0.003000	1.030000	5515	0	26	0.015459	0.071874	-0.023186	0.043464	-0.008909	0.002028	-0.001037	-0.009175	-0.030128	1506768000	781377920	69768	6437	18	187	18	6437
105	0	2987	0105002987	1	13.025840	22.549740	31.085171	89.052177	89.586594	90.129982	mosflm-comb-latt-nocell-retry-multi-refine	9459.826172	0.000000	0.000000	97	0.007270	0.032000	-0.017000	1.240000	8333	0	12	-0.000976	-0.076761	0.000901	-0.043084	0.000566	0.010517	-0.007112	-0.000044	-0.031379	1506768000	906387264	69813	6452	18	172	18	6452
105	0	3073	0105003073	1	13.027250	22.535259	31.434931	89.131393	89.676437	90.664238	mosflm-comb-latt-nocell-retry-multi-refine	9460.003906	0.000000	0.000000	178	0.009460	0.015000	0.032000	1.380000	11125	0	49	0.074053	0.011300	-0.016791	-0.008989	0.041001	-0.014420	0.004831	0.010908	0.029495	1506768000	956776064	71271	6648	19	23	19	6648
105	0	3157	0105003157	1	12.981130	22.666090	31.009689	89.107147	90.035263	90.068680	mosflm-comb-latt-nocell-retry-multi-refine	9467.504883	0.000000	0.000000	119	0.009970	0.025000	0.042000	1.640000	11534	0	90	0.012745	0.075723	0.006168	0.043146	-0.007632	0.005205	0.003698	0.002002	-0.031977	1506768000	206875904	71721	6798	19	173	19	6798
105	0	3318	0105003318	1	13.010870	22.760679	31.001471	89.217842	90.672729	90.539909	mosflm-comb-latt-nocell-retry-multi-refine	9460.401367	0.000000	0.000000	105	0.004380	0.008000	-0.015000	1.380000	5129	0	18	0.001990	-0.076693	-0.004780	-0.041404	-0.000566	-0.014705	0.011170	0.001797	-0.030213	1506768000	382218720	73584	7142	20	225	20	7142
105	0	3344	0105003344	1	12.926790	22.580919	31.218220	89.153641	90.707817	89.213570	mosflm-comb-latt-nocell-retry-multi-refine	9473.475586	0.000000	0.000000	95	0.003640	-0.009000	-0.028000	1.260000	4180	0	29	-0.047192	0.053740	0.029520	-0.034433	-0.026641	-0.008163	0.003377	-0.012543	0.029287	1506768000	657248192	73683	7175	20	192	20	7175
105	0	3384	0105003384	1	13.131100	22.778570	30.743620	89.215569	90.449852	90.816063	mosflm-comb-latt-nocell-retry-multi-refine	9474.620117	0.000000	0.000000	251	0.020020	-0.020000	0.052000	2.060000	21413	0	137	0.036667	0.053642	-0.039739	-0.033100	0.028160	0.006280	0.014620	0.010449	0.027117	1506768000	198916048	73878	7240	20	127	20	7240
105	0	3505	0105003505	1	13.165730	22.747030	30.829241	89.020699	89.003677	90.042870	mosflm-comb-latt-nocell-retry-multi-refine	9465.906250	0.000000	0.000000	270	0.022440	-0.044000	-0.007000	1.460000	24338	0	160	-0.034910	0.056600	-0.036724	0.033174	0.027048	0.010057	0.015015	-0.009183	-0.027258	1506768000	723878464	75507	7506	21	138	21	7506
105	0	3523	0105003523	1	13.015430	22.825480	30.952471	89.062531	89.176079	89.803047	dirax-comb-nolatt-nocell-retry-multi-refine	9458.152344	0.000000	0.000000	146	0.009420	-0.013000	0.011000	1.540000	11003	0	50	-0.008670	-0.074565	-0.016410	0.040522	-0.007808	0.014727	-0.012203	-0.004611	0.029565	1506768000	973870720	75597	7536	21	168	21	7536
105	0	3536	0105003536	2	13.410260	22.725000	30.064119	89.125740	90.075333	89.590439	mosflm-comb-latt-nocell-retry-multi-refine	9459.063477	0.000000	0.000000	348	0.030400	0.009000	-0.012000	2.030000	28350	0	269	-0.019465	0.053268	-0.048421	-0.035365	-0.023635	-0.011298	-0.017302	0.015430	0.023857	1506768000	148861824	75660	7557	21	189	21	7557
105	0	3571	0105003571	1	13.065010	22.730129	30.851299	89.002922	90.676743	90.354652	mosflm-comb-latt-nocell-retry-multi-refine	9466.083984	0.000000	0.000000	156	0.005400	-0.003000	0.004000	1.760000	6309	0	39	0.056814	0.029838	-0.041728	0.024147	0.005551	0.036363	0.012646	-0.029500	-0.004573	1506768000	740473088	75873	7628	21	260	21	7628
105	0	3628	0105003628	1	12.996410	22.727671	30.817539	89.032333	89.883926	90.257401	mosflm-comb-latt-nocell-retry-multi-refine	9466.908203	0.000000	0.000000	105	0.003870	0.002000	0.001000	1.470000	4475	0	11	-0.000443	-0.076941	-0.000696	-0.043460	0.000113	-0.006907	0.005635	0.000325	-0.031959	1506768000	208222048	77121	7796	22	313	22	7796
105	0	3736	0105003736	1	12.997130	22.671709	31.049000	89.220963	89.270447	90.214218	dirax-comb-nolatt-nocell-retry-multi-refine	9467.416016	0.000000	0.000000	163	0.010910	-0.010000	0.029000	1.800000	12635	0	65	0.038577	0.039824	-0.053354	-0.008173	-0.031561	-0.029715	-0.027331	0.015116	-0.007885	1506768000	592414720	77619	7962	22	147	22	7962
105	0	3817	0105003817	1	13.039250	22.672760	31.098669	89.116341	90.275642	90.029556	mosflm-comb-latt-nocell-retry-multi-refine	9466.000000	0.000000	0.000000	58	0.003780	0.011000	-0.019000	1.270000	4323	0	18	0.072321	-0.018396	0.017693	0.012389	0.041724	-0.007172	-0.005756	0.006508	0.030964	1506768000	703975936	79098	8165	23	55	23	8165
105	0	3815	0105003815	1	13.029950	22.729570	31.077770	89.058098	90.850807	89.974449	mosflm-comb-latt-nocell-retry-multi-refine	9463.161133	0.000000	0.000000	164	0.008990	0.039000	-0.006000	1.350000	10191	0	62	-0.074361	0.007178	0.017612	-0.006009	-0.042840	-0.008045	0.006248	-0.006148	0.030969	1506768000	670624384	79086	8161	23	51	23	8161
105	0	3836	0105003836	1	13.035560	22.786940	30.951080	89.086357	89.429329	90.080612	mosflm-comb-latt-nocell-retry-multi-refine	9471.131836	0.000000	0.000000	225	0.015670	-0.018000	0.020000	1.520000	18170	0	117	0.067635	0.024237	0.026898	0.017896	-0.038864	-0.009784	0.007262	0.011323	-0.029382	1506768000	929112640	79179	8192	23	82	23	8192
105	0	3944	0105003944	1	13.010710	22.808411	31.006350	89.144173	89.352592	89.828720	mosflm-comb-latt-nocell-retry-multi-refine	9463.554688	0.000000	0.000000	79	0.004820	-0.009000	-0.023000	1.390000	5641	0	17	-0.005134	0.076543	0.004794	0.040743	0.003598	-0.015803	-0.012163	0.000690	-0.029868	1506768000	438749824	79722	8373	23	263	23	8373
105	0	3951	0105003951	1	13.084100	22.585230	30.967211	89.223129	90.858047	90.242828	mosflm-comb-latt-nocell-retry-multi-refine	9473.563477	0.000000	0.000000	137	0.003850	-0.003000	0.018000	1.460000	4496	0	23	-0.014630	-0.072179	0.020468	-0.040440	0.011862	0.013592	-0.011369	-0.006574	-0.029508	1506768000	513813888	79749	8382	23	272	23	8382
105	0	4064	0105004064	1	12.772160	22.826780	31.070480	89.067650	88.998787	89.663696	mosflm-comb-latt-nocell-retry-multi-refine	9463.154297	0.000000	0.000000	128	0.008180	0.051000	-0.051000	1.460000	9250	0	44	0.030014	-0.059958	-0.040452	0.038726	0.006620	0.019395	-0.009075	-0.019804	0.023704	1506768000	950697216	81345	8615	24	227	24	8615
105	0	4240	0105004240	1	13.040790	22.620260	30.977341	89.108749	90.281219	90.782631	mosflm-comb-latt-nocell-retry-multi-refine	9464.076172	0.000000	0.000000	35	0.002760	-0.006000	-0.012000	1.020000	3215	0	20	-0.076513	-0.003247	-0.004088	-0.003044	0.042453	0.011986	0.001158	0.008360	-0.031163	1506768000	987491328	83157	8941	25	98	25	8941
105	0	4282	0105004282	1	13.030440	22.667959	30.879669	89.070030	89.624153	90.421402	mosflm-comb-latt-nocell-retry-multi-refine	9477.041992	0.000000	0.000000	128	0.007310	0.002000	0.011000	1.920000	8482	0	25	0.075171	0.000261	-0.015473	-0.000417	0.044024	-0.002918	0.006304	0.001634	0.031727	1506768000	646240448	83394	9020	25	177	25	9020
105	0	4586	0105004586	1	13.002460	22.466961	31.277500	89.084862	89.913498	90.679550	dirax-comb-nolatt-nocell-retry-multi-refine	9467.781250	0.000000	0.000000	84	0.003990	0.018000	0.040000	1.240000	4623	0	17	0.027317	0.068329	-0.022376	-0.038077	0.008841	-0.021305	-0.011327	0.013246	0.026809	1506768000	527944000	86949	9628	27	41	27	9628
105	0	4587	0105004587	1	13.158000	22.837200	31.365540	89.133392	89.076920	89.714363	mosflm-comb-latt-nocell-retry-multi-refine	9455.784180	0.000000	0.000000	69	0.007720	0.020000	0.008000	1.060000	9237	0	46	0.009245	-0.075227	-0.005735	-0.039632	-0.003262	-0.018346	0.013414	0.004346	-0.028603	1506768000	552960256	86958	9631	27	44	27	9631
105	0	4681	0105004681	1	13.034730	22.621441	30.943110	89.018898	90.106857	89.847588	dirax-comb-nolatt-nocell-retry-multi-refine	9477.640625	0.000000	0.000000	153	0.005400	0.001000	0.004000	1.600000	6276	0	19	-0.075896	0.006222	0.009318	-0.004564	-0.042943	-0.009479	0.003248	-0.006717	0.031449	1506768000	753660672	87390	9775	27	188	27	9775
105	0	4724	0105004724	1	13.805130	22.692039	29.782921	88.990417	89.097488	89.141541	mosflm-comb-latt-nocell-retry-multi-refine	9474.256836	0.000000	0.000000	62	0.004400	0.061000	-0.022000	1.090000	5081	0	29	0.034432	-0.034607	0.053538	0.031065	0.031266	-0.000646	-0.018034	0.017554	0.022241	1506768000	470744800	87648	9861	27	274	27	9861
105	0	4800	0105004800	1	12.968000	22.499081	31.110470	89.149162	90.901459	89.573868	mosflm-comb-latt-nocell-retry-multi-refine	9471.203125	0.000000	0.000000	207	0.009090	0.025000	0.016000	1.510000	10516	0	49	0.009888	-0.076482	-0.001003	0.041672	0.005919	-0.014299	0.009926	0.000368	0.030578	1506768000	205939584	88992	10032	28	293	28	10032
105	0	4872	0105004872	1	13.365120	22.578489	30.635700	89.170624	90.672508	90.372887	mosflm-comb-latt-nocell-retry-multi-refine	9455.925781	0.000000	0.000000	230	0.016700	-0.011000	-0.006000	1.770000	17998	0	130	-0.002242	-0.058346	-0.046797	0.040483	0.010043	-0.014911	0.012753	-0.019392	0.022960	1506768000	139727152	89328	10144	28	181	28	10144
105	0	4894	0105004894	1	13.021990	22.530130	31.399469	89.168037	90.449982	90.018692	dirax-comb-nolatt-nocell-retry-multi-refine	9471.612305	0.000000	0.000000	130	0.009720	-0.002000	0.013000	1.310000	11398	0	26	-0.010534	-0.074848	0.013576	0.041138	-0.008411	-0.014401	0.010674	0.003644	0.029788	1506768000	456530528	89442	10182	28	143	28	10182
105	0	5002	0105005002	1	13.005840	22.677099	31.419340	89.029961	89.524681	90.679619	dirax-comb-nolatt-nocell-retry-multi-refine	9477.750000	0.000000	0.000000	133	0.005280	-0.011000	0.002000	1.290000	6292	0	34	-0.003668	-0.073411	0.022593	-0.043809	0.002926	0.004196	-0.002963	-0.008928	-0.030412	1506768000	708497088	90972	10428	29	102	29	10428
105	0	5146	0105005146	1	12.979090	22.781010	31.002840	89.192688	89.185249	89.618538	mosflm-comb-latt-nocell-retry-multi-refine	9476.410156	0.000000	0.000000	37	0.003120	0.008000	-0.012000	1.220000	3673	0	11	-0.000036	0.077040	-0.001614	-0.040592	0.000048	0.016722	0.012705	0.000171	0.029654	1506768000	694119488	92766	10750	30	305	30	10750
105	0	5169	0105005169	1	13.027830	22.537310	30.809080	89.096352	90.440964	90.118401	mosflm-comb-latt-nocell-retry-multi-refine	9470.222656	0.000000	0.000000	235	0.011040	-0.004000	-0.016000	1.580000	12653	0	101	-0.056496	-0.046901	0.022379	-0.021854	0.034483	0.017395	-0.015059	0.004154	-0.028457	1506768000	910893824	92844	10776	30	279	30	10776
105	0	5271	0105005271	1	13.072570	22.738001	30.776340	89.163788	89.608971	89.473938	mosflm-comb-latt-nocell-retry-multi-refine	9475.904297	0.000000	0.000000	106	0.007340	-0.008000	-0.011000	1.240000	8543	0	19	0.062288	0.039933	-0.019440	0.021977	-0.037708	-0.005468	-0.009605	-0.000546	-0.031040	1506768000	44796416	93252	10912	30	143	30	10912
105	0	5278	0105005278	1	13.074480	22.639870	31.344740	89.027359	90.351341	90.088669	mosflm-comb-latt-nocell-retry-multi-refine	9465.598633	0.000000	0.000000	217	0.014820	0.036000	-0.033000	1.640000	16922	0	84	0.037343	-0.065569	0.012506	-0.038087	-0.019763	0.010503	-0.003607	-0.008126	-0.030645	1506768000	128194664	93282	10922	30	133	30	10922
105	0	5454	0105005454	1	13.116100	23.340509	30.652349	89.047127	90.788780	90.614983	mosflm-comb-latt-nocell-retry-multi-refine	9474.309570	0.000000	0.000000	112	0.005190	-0.031000	0.045000	1.630000	6092	0	46	-0.053215	0.047405	-0.027121	-0.002744	0.019437	0.038092	0.023014	0.021015	-0.009671	1506768000	205797280	95109	11240	31	184	31	11240
105	0	5492	0105005492	1	13.077210	22.491659	30.867260	89.164017	90.405869	89.793488	mosflm-comb-latt-nocell-retry-multi-refine	9473.129883	0.000000	0.000000	119	0.008100	-0.018000	-0.009000	1.230000	9388	0	57	-0.075375	-0.003418	0.012441	0.002492	0.037158	0.024296	-0.005448	0.017338	-0.026824	1506768000	714418240	95292	11301	31	245	31	11301
105	0	5538	0105005538	1	12.856510	22.743820	31.512289	89.019501	89.420380	89.697647	dirax-comb-nolatt-nocell-retry-multi-refine	9478.761719	0.000000	0.000000	122	0.010020	-0.009000	0.091000	1.380000	11708	0	39	0.029546	-0.060999	0.038170	-0.034967	-0.023967	-0.011693	0.015414	-0.008629	-0.026370	1506768000	406431488	95541	11384	31	328	31	11384
105	0	5567	0105005567	1	12.989350	22.667839	31.079189	89.087433	89.498207	89.878036	mosflm-comb-latt-nocell-retry-multi-refine	9467.682617	0.000000	0.000000	155	0.007100	-0.052000	0.030000	1.490000	8220	0	31	0.059675	-0.045552	0.017066	-0.026799	-0.035049	-0.000237	0.005861	-0.003624	-0.031435	1506768000	566507264	96678	11474	32	311	32	11474
105	0	5671	0105005671	1	13.066730	22.676640	30.670191	89.195267	90.264229	89.360390	mosflm-comb-latt-nocell-retry-multi-refine	9461.154297	0.000000	0.000000	83	0.002870	0.008000	-0.022000	1.960000	3321	0	9	-0.039180	-0.034443	0.056003	0.030323	-0.032017	0.000846	0.016647	0.016988	0.022307	1506768000	883956032	97152	11632	32	153	32	11632
105	0	5735	0105005735	1	12.941300	22.572130	31.032980	89.220802	89.917183	89.393661	mosflm-comb-latt-nocell-retry-multi-refine	9472.136719	0.000000	0.000000	137	0.008180	0.012000	-0.014000	1.230000	9383	0	34	0.052943	-0.052138	-0.021221	0.012236	-0.004133	0.042385	-0.021777	-0.023491	0.003539	1506768000	767806656	97470	11738	32	47	32	11738
105	0	5791	0105005791	1	13.094640	22.695221	30.940769	89.066887	90.505798	90.066620	mosflm-comb-latt-nocell-retry-multi-refine	9467.023438	0.000000	0.000000	146	0.008160	0.014000	-0.027000	1.380000	9421	0	41	-0.071067	0.027946	-0.000906	-0.015908	-0.040548	-0.006694	-0.002225	-0.003841	0.032019	1506768000	419931232	98784	11887	33	101	33	11887
105	0	5811	0105005811	1	13.092360	22.690269	30.913111	89.143822	90.528160	90.250252	mosflm-comb-latt-nocell-retry-multi-refine	9477.655273	0.000000	0.000000	72	0.006470	0.012000	0.010000	1.070000	7571	0	42	-0.000474	-0.076379	-0.000723	-0.040702	0.000226	-0.016914	0.012859	-0.000095	-0.029688	1506768000	770132352	98910	11929	33	143	33	11929
105	0	5834	0105005834	1	13.093340	22.705589	30.930719	89.223122	90.511871	90.269691	mosflm-comb-latt-nocell-retry-multi-refine	9464.840820	0.000000	0.000000	161	0.009830	-0.009000	0.016000	1.420000	11480	0	78	0.064661	-0.036088	0.018716	-0.021585	-0.038369	0.001416	0.006869	-0.004517	-0.031272	1506768000	53606252	99012	11963	33	177	33	11963
105	0	5873	0105005873	1	13.066830	22.650290	30.873249	89.084747	90.427773	90.803719	mosflm-comb-latt-nocell-retry-multi-refine	9463.976562	0.000000	0.000000	179	0.010620	-0.015000	-0.021000	2.040000	11236	0	77	-0.026498	0.052777	-0.048689	-0.037560	-0.022659	-0.005086	-0.012790	0.016668	0.024659	1506768000	412138016	99141	12006	33	220	33	12006
105	0	5900	0105005900	1	13.015780	22.325840	31.109819	89.036827	90.336143	89.850250	mosflm-comb-latt-nocell-retry-multi-refine	9463.403320	0.000000	0.000000	44	0.005090	-0.046000	-0.052000	1.200000	5906	0	15	-0.076176	-0.006307	-0.007775	0.005587	-0.038400	-0.022384	-0.001724	-0.015882	0.027899	1506768000	870688512	99306	12061	33	275	33	12061
105	0	5896	0105005896	1	12.912330	22.917650	31.073730	89.206787	90.326897	90.306282	mosflm-comb-latt-nocell-retry-multi-refine	9470.802734	0.000000	0.000000	320	0.020860	0.014000	-0.046000	1.660000	22326	0	266	-0.039034	0.019122	0.064100	-0.011046	0.038254	-0.017860	-0.026581	-0.013725	-0.011873	1506768000	820665600	99288	12055	33	269	33	12055
105	0	6165	0105006165	1	13.031370	22.901251	30.849001	89.077820	89.594772	90.592758	mosflm-comb-latt-nocell-retry-multi-refine	9462.825195	0.000000	0.000000	56	0.005670	0.011000	-0.054000	1.150000	6655	0	34	-0.017446	-0.071762	-0.020869	0.032665	-0.015546	0.024469	-0.020460	-0.002064	0.025065	1506768000	774494720	102510	12572	35	44	35	12572
105	0	6240	0105006240	1	13.003070	22.798929	31.120741	89.194733	89.694031	89.742920	mosflm-comb-latt-nocell-retry-multi-refine	9465.090820	0.000000	0.000000	249	0.011310	-0.032000	0.022000	1.710000	12979	0	80	-0.063624	0.043169	-0.001762	-0.023015	-0.033601	0.016296	0.006515	0.010511	0.029662	1506768000	883205504	102909	12705	35	177	35	12705
105	0	6272	0105006272	1	13.081570	22.839870	30.782980	89.204330	89.933960	90.926613	mosflm-comb-latt-nocell-retry-multi-refine	9466.420898	0.000000	0.000000	303	0.008760	0.000000	0.005000	1.940000	10153	0	71	0.001461	0.074876	-0.015382	0.008718	0.009167	0.041926	0.031741	-0.002027	-0.006629	1506768000	174968160	103014	12740	35	212	35	12740
105	0	6897	0105006897	1	12.998250	22.679750	31.032391	89.190666	90.312378	89.804604	mosflm-comb-latt-nocell-retry-multi-refine	9469.578125	0.000000	0.000000	130	0.003610	0.011000	0.015000	1.400000	4267	0	15	0.066197	-0.030652	-0.024442	-0.018353	-0.040083	0.001045	-0.009269	0.003948	-0.030613	1506768128	248375296	108798	13854	38	160	38	13854
105	0	6894	0105006894	2	13.092860	22.557920	31.177120	89.188011	90.192947	89.795700	dirax-comb-nolatt-nocell-retry-multi-refine	9473.323242	0.000000	0.000000	212	0.019700	-0.005000	-0.032000	1.170000	21491	0	167	-0.076046	-0.004010	0.005884	0.001291	-0.042032	-0.014043	0.002755	-0.009618	0.030478	1506768128	223369008	108789	13851	38	163	38	13851
105	0	6920	0105006920	1	13.039650	22.594860	30.898041	89.154358	89.003418	89.964943	dirax-comb-nolatt-nocell-retry-multi-refine	9474.053711	0.000000	0.000000	60	0.003890	0.021000	-0.003000	1.110000	4550	0	20	0.076558	-0.003899	0.002590	-0.002612	-0.042129	0.013324	0.000011	-0.009306	-0.031007	1506768128	665203584	108948	13904	38	110	38	13904
105	0	6997	0105006997	1	13.000850	22.754551	31.196690	89.196274	90.497292	90.086678	mosflm-comb-latt-nocell-retry-multi-refine	9471.842773	0.000000	0.000000	247	0.027370	-0.034000	0.002000	1.540000	27026	0	233	0.044285	-0.033217	0.053407	0.008871	-0.032917	-0.027740	0.025474	0.016356	-0.010550	1506768128	591745152	110361	14086	39	71	39	14086
105	0	7105	0105007105	1	13.065430	22.838560	31.440729	89.216820	90.463242	90.452950	mosflm-comb-latt-nocell-retry-multi-refine	9482.317383	0.000000	0.000000	310	0.016470	-0.014000	-0.034000	1.380000	18086	0	127	-0.025579	-0.068979	-0.021128	0.038159	-0.018082	0.011601	-0.011684	-0.004887	0.029180	1506768128	58970880	110889	14262	39	247	39	14262
105	0	7130	0105007130	1	13.007520	22.820761	30.641880	89.025497	90.834518	90.229553	mosflm-comb-latt-nocell-retry-multi-refine	9476.472656	0.000000	0.000000	224	0.007860	0.018000	-0.016000	1.560000	8993	0	37	0.000906	-0.076800	0.003558	-0.041274	-0.001332	-0.014678	0.011492	-0.001752	-0.030503	1506768128	367395008	111000	14299	39	284	39	14299
105	0	7215	0105007215	1	13.026670	22.429251	31.649960	89.197433	90.839561	89.750542	mosflm-comb-latt-nocell-retry-multi-refine	9477.012695	0.000000	0.000000	125	0.009250	-0.026000	-0.027000	1.240000	10854	0	49	-0.034494	0.068584	0.000840	-0.036174	-0.018193	-0.018673	-0.011528	-0.005631	0.028881	1506768128	126960800	112353	14449	40	282	40	14449
105	0	7349	0105007349	1	12.981030	22.992109	31.078470	89.220642	90.273148	89.817123	mosflm-comb-latt-nocell-retry-multi-refine	9475.423828	0.000000	0.000000	124	0.006680	-0.047000	-0.038000	1.280000	7955	0	40	-0.023583	-0.063122	-0.037338	0.013945	-0.024592	0.033058	-0.029041	0.002608	0.013614	1506768128	710748096	112923	14639	40	92	40	14639
105	0	7521	0105007521	1	13.064680	22.507450	32.216381	89.221680	90.155670	90.080429	mosflm-comb-latt-nocell-retry-multi-refine	9483.889648	0.000000	0.000000	268	0.017200	0.013000	0.018000	1.530000	18987	0	132	-0.074724	0.014334	-0.008343	-0.006592	-0.041844	-0.013415	-0.004961	-0.008234	0.029517	1506768128	70416184	114852	14980	41	248	41	14980
105	0	7682	0105007682	1	12.929730	22.714380	31.018600	89.099457	89.047394	90.179222	dirax-comb-nolatt-nocell-retry-multi-refine	9475.086914	0.000000	0.000000	118	0.006480	0.002000	0.005000	1.390000	7537	0	25	-0.012127	-0.074283	-0.017843	0.041357	-0.009692	0.011593	-0.010181	-0.005028	0.030182	1506768128	779846592	116547	15258	42	208	42	15258
105	0	7684	0105007684	1	13.069710	22.811180	31.398769	89.047836	90.091667	89.704033	mosflm-comb-latt-nocell-retry-multi-refine	9477.166992	0.000000	0.000000	187	0.013570	0.020000	0.028000	1.380000	15809	0	97	0.074803	0.015548	-0.004135	-0.008269	0.041609	0.011075	0.003418	-0.008032	0.030633	1506768128	788170176	116550	15259	42	207	42	15259
105	0	7811	0105007811	1	13.015550	22.720840	31.127100	89.111656	90.138191	89.295868	mosflm-comb-latt-nocell-retry-multi-refine	9484.121094	0.000000	0.000000	33	0.001520	-0.003000	-0.002000	1.110000	1726	0	17	0.028339	-0.046815	-0.053937	-0.035878	-0.025221	0.003813	-0.014182	0.017593	-0.022841	1506768128	72476752	118092	15496	43	29	43	15496
105	0	7849	0105007849	1	13.018540	22.633869	31.194151	89.042183	90.104370	89.699387	dirax-comb-nolatt-nocell-retry-multi-refine	9475.289062	0.000000	0.000000	132	0.008300	0.008000	-0.023000	1.310000	9739	0	59	0.009634	0.072909	0.022181	-0.042991	0.007534	-0.006901	-0.005802	-0.008414	0.030389	1506768128	564274944	118269	15555	43	88	43	15555
105	0	7862	0105007862	1	13.088910	22.523809	31.209040	89.000229	89.386368	90.014511	mosflm-comb-latt-nocell-retry-multi-refine	9465.832031	0.000000	0.000000	91	0.007080	-0.002000	0.006000	1.220000	8220	0	37	-0.074599	0.016290	0.002710	-0.009587	-0.042066	-0.010500	-0.000083	-0.007186	0.031233	1506768128	722658112	118326	15574	43	107	43	15574
105	0	7917	0105007917	1	13.355880	22.557409	30.423780	89.096008	89.531281	89.295059	mosflm-comb-latt-nocell-retry-multi-refine	9472.320312	0.000000	0.000000	69	0.003740	0.008000	0.019000	1.240000	4336	0	19	0.033124	0.044405	0.050381	-0.033656	0.028605	-0.003886	-0.015701	-0.016007	0.024041	1506768128	456207232	118590	15662	43	195	43	15662
105	0	7937	0105007937	1	13.013580	22.738390	30.632370	89.159729	89.872414	89.954971	mosflm-comb-latt-nocell-retry-multi-refine	9473.767578	0.000000	0.000000	85	0.005060	-0.002000	-0.009000	1.150000	5886	0	17	-0.075509	-0.008815	0.011206	0.006983	-0.040872	0.014670	0.003170	0.011908	0.030234	1506768128	864639680	118737	15711	43	244	43	15711
105	0	8151	0105008151	1	13.029190	22.762671	30.991631	89.187340	90.839569	89.751198	mosflm-comb-latt-nocell-retry-multi-refine	9476.131836	0.000000	0.000000	132	0.005920	0.006000	-0.018000	1.310000	6943	0	36	-0.025178	-0.072172	-0.007026	-0.041319	0.014815	-0.001923	0.002599	0.001715	-0.032123	1506768128	116186976	120627	16060	44	149	44	16060
105	0	8169	0105008169	1	13.006020	22.873720	30.895269	89.212723	89.948967	90.167084	mosflm-comb-latt-nocell-retry-multi-refine	9471.307617	0.000000	0.000000	135	0.006810	0.004000	-0.011000	1.430000	8046	0	21	-0.011977	-0.075943	0.000972	-0.035918	0.005223	-0.024378	0.018146	-0.003172	-0.026618	1506768128	449542080	120747	16100	44	109	44	16100
105	0	8259	0105008259	1	13.032300	22.705469	31.055161	89.098351	90.514801	90.437080	dirax-comb-nolatt-nocell-retry-multi-refine	9470.288086	0.000000	0.000000	108	0.006180	0.013000	0.026000	1.190000	7170	0	37	-0.007018	-0.074720	-0.016012	-0.042278	0.005954	-0.010835	0.009080	0.005375	-0.030428	1506768128	50388504	122043	16288	45	78	45	16288
105	0	8331	0105008331	1	12.985280	22.693390	31.454720	89.184723	89.749397	89.638680	mosflm-comb-latt-nocell-retry-multi-refine	9475.090820	0.000000	0.000000	48	0.005040	-0.020000	0.062000	1.050000	6102	0	24	-0.014534	0.073938	0.015899	0.040731	0.010541	-0.013120	-0.011048	0.004038	-0.029539	1506768128	933940416	122361	16394	45	184	45	16394
105	0	8410	0105008410	1	13.026520	22.788099	31.750010	89.028297	90.130127	90.201553	mosflm-comb-latt-nocell-retry-multi-refine	9465.318359	0.000000	0.000000	245	0.015370	-0.043000	-0.039000	1.860000	17639	0	120	-0.062867	-0.042133	0.012874	-0.024604	0.036343	-0.000301	-0.004014	-0.003620	-0.031033	1506768128	917460928	122715	16512	45	302	45	16512
105	0	8554	0105008554	1	13.028210	22.465811	31.458590	89.013969	89.776833	89.944069	mosflm-comb-latt-nocell-retry-multi-refine	9472.743164	0.000000	0.000000	120	0.006980	0.027000	0.000000	1.310000	8200	0	28	0.004750	-0.076514	-0.003837	-0.042583	-0.003234	0.012577	-0.008551	0.001127	-0.030600	1506768128	626760896	124410	16790	46	163	46	16790
105	0	8550	0105008550	1	13.249790	22.540319	30.988480	89.169037	90.816681	90.746452	mosflm-comb-latt-nocell-retry-multi-refine	9470.361328	0.000000	0.000000	490	0.033540	0.037000	0.020000	2.240000	28564	0	318	-0.049478	0.027405	-0.049992	-0.028487	0.009649	0.032625	0.013261	0.029339	0.002273	1506768128	593405888	124398	16786	46	167	46	16786
105	0	8742	0105008742	1	13.039620	22.631599	30.914680	89.208946	90.842537	90.059418	mosflm-comb-latt-nocell-retry-multi-refine	9467.044922	0.000000	0.000000	148	0.006430	-0.025000	0.016000	1.290000	7311	0	33	0.074454	0.011071	-0.014717	-0.008820	0.040982	-0.013981	0.004830	0.010828	0.030103	1506768128	203062064	126417	17181	47	227	47	17181
105	0	8883	0105008883	2	13.025850	22.649000	30.798840	89.050049	89.936172	89.291260	mosflm-comb-latt-nocell-retry-multi-refine	9462.240234	0.000000	0.000000	212	0.031950	-0.001000	-0.023000	1.440000	29471	0	253	-0.040887	-0.033225	0.055848	0.030236	-0.032106	0.002286	0.016095	0.017474	0.022139	1506768128	653809600	128019	17438	48	257	48	17438
105	0	9046	0105009046	1	13.225550	22.539940	30.639191	89.051643	89.235703	90.003410	mosflm-comb-latt-nocell-retry-multi-refine	9468.176758	0.000000	0.000000	63	0.006200	0.010000	0.014000	1.150000	7160	0	42	0.064990	0.021131	-0.032370	0.018442	-0.038593	0.011804	-0.010324	-0.012921	-0.028145	1506768128	746266496	129852	17759	49	63	49	17759
105	0	9049	0105009049	1	13.029240	22.902069	30.961140	89.158257	90.237213	89.157883	mosflm-comb-latt-nocell-retry-multi-refine	9462.769531	0.000000	0.000000	167	0.018200	-0.029000	-0.010000	1.780000	20988	0	79	0.076046	0.005824	-0.008662	0.004161	0.001772	0.043439	0.002673	-0.032186	0.000578	1506768128	779599424	129864	17763	49	67	49	17763
105	0	9114	0105009114	2	13.036400	22.520399	31.128201	89.128807	90.561470	89.825897	mosflm-comb-latt-nocell-retry-multi-refine	9470.346680	0.000000	0.000000	159	0.016050	-0.013000	0.041000	1.260000	18344	0	118	-0.021564	0.073618	-0.000380	-0.039479	-0.011797	-0.016566	-0.011197	-0.002795	0.029986	1506768128	738100416	130209	17878	49	182	49	17878
105	0	9135	0105009135	1	13.285600	22.424021	30.980360	89.216873	90.826248	90.325272	mosflm-comb-latt-nocell-retry-multi-refine	9467.594727	0.000000	0.000000	198	0.014710	0.025000	-0.036000	1.380000	17177	0	100	0.057885	-0.010428	0.046983	0.025935	-0.012032	-0.034231	0.008968	0.030820	-0.003466	1506768128	929785728	130278	17901	49	205	49	17901
105	0	9153	0105009153	1	13.047600	22.514170	31.326731	89.143608	90.467751	89.174156	mosflm-comb-latt-nocell-retry-multi-refine	9470.333984	0.000000	0.000000	90	0.003900	-0.012000	0.003000	1.300000	4568	0	29	-0.048780	-0.058843	-0.005810	-0.031541	0.025151	0.018610	-0.008723	0.009758	-0.029120	1506768128	354861504	130431	17952	49	256	49	17952
105	0	9394	0105009394	1	13.191850	23.571800	31.015579	89.161209	90.262177	90.498032	mosflm-comb-latt-nocell-retry-multi-refine	9477.146484	0.000000	0.000000	215	0.021610	0.029000	-0.003000	1.440000	26202	0	165	-0.050919	0.054190	-0.014752	-0.015932	-0.003803	0.039141	0.020777	0.022482	0.010131	1506768128	380425152	2640	18471	51	30	51	18471
105	0	9512	0105009512	1	13.093570	22.786039	30.608549	89.047859	90.440086	90.814072	mosflm-comb-latt-nocell-retry-multi-refine	9471.368164	0.000000	0.000000	126	0.003970	-0.033000	-0.014000	1.470000	4616	0	19	0.011590	0.066198	-0.036303	-0.041721	0.011790	0.006878	0.009162	0.014054	0.028040	1506768128	13707489	3228	18667	51	226	51	18667
105	0	9517	0105009517	1	13.120810	23.689480	30.906401	89.180359	90.278236	90.943810	mosflm-comb-latt-nocell-retry-multi-refine	9462.895508	0.000000	0.000000	190	0.012660	-0.019000	0.013000	1.400000	15432	0	105	-0.074212	0.009966	-0.014272	-0.008296	0.002686	0.041313	0.004463	0.032007	-0.001655	1506768128	172043696	3285	18686	51	245	51	18686
105	0	9527	0105009527	1	13.242170	22.564730	30.577690	89.152893	89.334839	89.756500	mosflm-comb-latt-nocell-retry-multi-refine	9473.076172	0.000000	0.000000	59	0.007100	-0.001000	-0.007000	1.200000	8176	0	29	0.053474	0.029463	-0.044452	0.026193	-0.034641	0.008856	-0.013050	-0.015773	-0.025511	1506768128	272038912	3321	18698	51	257	51	18698
105	0	9564	0105009564	1	13.003960	22.975790	30.716740	89.015450	90.915863	90.620750	mosflm-comb-latt-nocell-retry-multi-refine	9469.796875	0.000000	0.000000	346	0.015720	0.024000	0.003000	1.460000	17102	0	90	-0.066101	-0.038791	-0.006454	0.016368	-0.032727	0.023583	-0.011607	0.014289	0.026862	1506768128	630339840	3450	18741	51	300	51	18741
105	0	9580	0105009580	1	12.975960	22.562571	31.134979	89.119202	89.879143	90.065689	mosflm-comb-latt-nocell-retry-multi-refine	9455.723633	0.000000	0.000000	118	0.004640	-0.073000	-0.007000	1.340000	5387	0	23	-0.075829	0.013116	-0.004140	-0.006924	-0.042732	-0.009531	-0.002695	-0.006061	0.031430	1506768128	780280896	3504	18759	51	318	51	18759
105	0	9632	0105009632	1	12.940250	22.673510	31.040751	89.146698	90.437103	89.462563	mosflm-comb-latt-nocell-retry-multi-refine	9465.061523	0.000000	0.000000	113	0.004320	-0.026000	-0.038000	1.430000	5168	0	11	-0.020084	0.074268	0.007331	-0.042436	-0.012004	0.000932	0.001884	-0.002396	0.032076	1506768128	46804984	4680	18891	52	282	52	18891
105	0	9762	0105009762	1	12.896430	22.608200	31.048740	89.203262	89.791428	90.047951	mosflm-comb-latt-nocell-retry-multi-refine	9463.715820	0.000000	0.000000	152	0.006690	-0.000000	0.021000	1.380000	7715	0	38	0.033893	0.049263	-0.049367	0.034302	-0.027632	-0.004085	-0.015097	-0.014395	-0.024544	1506768128	738475200	5289	19094	52	79	52	19094
105	0	9770	0105009770	1	13.371520	22.215330	31.110411	89.158287	90.670090	90.943268	mosflm-comb-latt-nocell-retry-multi-refine	9467.061523	0.000000	0.000000	77	0.005990	0.002000	-0.056000	1.150000	7108	0	38	0.030263	0.052632	-0.043694	0.004879	0.027534	0.035289	0.029314	-0.012253	0.004913	1506768128	830132992	5322	19105	52	68	52	19105
105	0	9780	0105009780	1	13.178270	22.518829	30.586929	89.117783	90.445389	89.069206	dirax-comb-nolatt-nocell-retry-multi-refine	9469.597656	0.000000	0.000000	37	0.002550	-0.057000	-0.072000	1.110000	3003	0	8	0.020792	0.067964	-0.026621	-0.026826	-0.006254	-0.034846	-0.024212	0.014252	0.016728	1506768128	988437696	5379	19124	52	49	52	19124
105	0	9853	0105009853	1	12.943580	22.201361	30.902330	89.225616	89.874771	90.204308	mosflm-comb-latt-nocell-retry-multi-refine	9468.159180	0.000000	0.000000	95	0.006680	-0.011000	-0.001000	1.380000	7604	0	19	-0.052311	-0.029140	0.048820	0.025288	0.012821	0.035005	-0.015502	0.028408	0.000231	1506768128	738738496	6729	19285	53	111	53	19285
105	0	9884	0105009884	1	13.153050	22.746120	30.625681	89.035492	90.670708	90.858437	dirax-comb-nolatt-nocell-retry-multi-refine	9468.611328	0.000000	0.000000	110	0.009140	-0.043000	-0.033000	1.210000	10624	0	51	-0.044719	-0.054510	-0.028481	0.032090	-0.029695	0.004712	-0.011394	-0.006771	0.029849	1506768128	263793120	6918	19348	53	174	53	19348
105	0	9935	0105009935	1	12.985850	22.478689	30.772440	89.017639	90.000359	90.359192	mosflm-comb-latt-nocell-retry-multi-refine	9462.996094	0.000000	0.000000	111	0.007000	0.014000	0.002000	1.320000	7910	0	35	-0.000963	-0.076969	0.002255	-0.042296	0.000654	0.013798	-0.009557	-0.000787	-0.031055	1506768128	888890304	7143	19423	53	249	53	19423
105	2	1713	0105021713	1	13.052940	22.822010	30.750360	89.018806	89.839287	90.132690	mosflm-comb-latt-nocell-retry-multi-refine	9480.059570	0.000000	0.000000	134	0.004700	-0.017000	-0.032000	1.840000	5513	0	10	-0.074111	0.012502	-0.014854	-0.009229	-0.041516	0.010571	-0.004488	0.009429	0.030803	1506768384	9369758	106161	37991	104	202	104	37991
105	2	2316	0105022316	1	13.048560	22.454889	31.427561	89.003166	89.220421	90.167488	mosflm-comb-latt-nocell-retry-multi-refine	9473.431641	0.000000	0.000000	206	0.012550	0.024000	0.020000	1.540000	14704	0	58	0.069996	-0.030824	0.004984	0.017668	0.036937	-0.017532	0.002706	0.011974	0.029364	1506768384	544919872	110313	38830	106	79	106	38830
105	2	2481	0105022481	1	13.266450	22.647860	30.409269	89.044487	90.339417	90.551720	mosflm-comb-latt-nocell-retry-multi-refine	9476.192383	0.000000	0.000000	40	0.001840	0.035000	-0.022000	1.300000	2143	0	14	0.037645	-0.039790	0.051791	-0.034132	-0.027718	0.004127	0.013080	-0.018756	-0.023641	1506768384	304168128	112026	39106	107	196	107	39106
105	2	3068	0105023068	2	12.981910	22.346399	30.957861	89.143311	89.674828	89.677628	mosflm-comb-latt-nocell-retry-multi-refine	9462.347656	0.000000	0.000000	153	0.018440	0.027000	-0.007000	1.400000	20139	0	58	-0.066412	-0.038590	0.005853	-0.022195	0.036793	-0.012520	0.002907	-0.009313	-0.030798	1506768512	389163360	116016	39869	109	228	109	39869
